57858309,
4928980,
4456474,
10695411,
5076834,
4538802,
3824744,
5117060,
3930329,
5074823,
5088429,
12377931,
22606123,
10615778,
4756653,
3304950,
3932058,
4571948,
19502909,
21997934,
14714220,
6926992,
6143005,
7009034,
8550137,
7644163,
6776811,
9836379,
9324818,
9352817,
10358373,
12778294,
9590607,
13246720,
12868631,
17227922,
7686015,
6187802,
4546040,
4085208,
6314877,
5258837,
6736036,
6170841,
9384013,
12258169,
9857185,
8021116,
5791974,
6171802,
5637633,
5853154,
6468059,
7280593,
8545761,
8447788,
8585536,
6113116,
12350479,
9218785,
13215680,
13240480,
14299502,
16951321,
8578047,
3431871,
3802015,
3284725,
2669573,
2543824,
3752900,
7546833,
3080534,
3875203,
3909426,
2661599,
2716695,
2394948,
2985503,
2610779,
3825741,
4729288,
3672141,
4967899,
3122032,
3358155,
3360413,
6489900,
3286030,
3247917,
3659703,
4106721,
3472371,
6435311,
2245803,
2347827,
2767808,
3972352,
6464881,
2642328,
3319367,
2247880,
2194451,
2282912,
3140352,
4047313,
4540493,
2790733,
2398272,
2328078,
3021185,
3488744,
6775719,
3495685,
2939754,
2376519,
2497779,
2549480,
8180897,
3175371,
2299502,
3483504,
2389765,
11635194,
10261940,
5446387,
7145653,
6181617,
5108460,
6181631,
4789580,
5278873,
6436816,
6853977,
4747240,
5023844,
5633744,
3752574,
2413911,
2826117,
2505973,
2732536,
2020056,
2266862,
2483202,
2597051,
2283034,
2175193,
2477973,
2527057,
10704362,
3510928,
3187788,
4899806,
4646690,
4407137,
4509634,
7006002,
2562562,
2393429,
3183074,
1991910,
2352906,
10313113,
4439162,
2511218,
2612635,
2779784,
2870687,
3742963,
7829911,
7428613,
6258718,
7419699,
4013245,
2982723,
3889101,
2915693,
4322726,
3562132,
3209554,
3758780,
3321799,
3889337,
4091960,
3131441,
3606131,
2642576,
2694338,
4570631,
3644602,
4751791,
3557303,
2199465,
3592667,
3856257,
3742821,
2676262,
2796110,
3958183,
2274364,
2592784,
3079697,
3290544,
3477481,
2835801,
2499018,
3429311,
3567249,
2445364,
2473069,
2391814,
2740279,
2681777,
3553015,
2792229,
4151893,
2937377,
5381778,
7856449,
8325514,
8797218,
11336745,
12702576,
7604402,
8138300,
7408183,
9733322,
7561338,
12011377,
11231988,
8151346,
8252168,
8848885,
12008110,
9254090,
4240069,
2681876,
2939950,
2441042,
2250732,
2274689,
2667580,
12419948,
11906254,
6876291,
5011697,
9228769,
9079048,
11933329,
8723622,
11221481,
11644458,
8496333,
7444630,
9093454,
3912627,
2322997,
2010833,
2704766,
3382699,
6391798,
4869835,
5308413,
5260313,
5528210,
5004264,
5047348,
2270018,
2011008,
2059305,
3184981,
3048607,
3280673,
3928220,
7633180,
8718773,
2394778,
7772099,
8370971,
2565594,
3333660,
3336294,
3381933,
2388001,
3545253,
1733892,
2044386,
2064507,
1822355,
1784740,
1914627,
1940871,
3224744,
2206402,
2981837,
2111656,
11003907,
3083586,
3105277,
8666022,
7365136,
2628775,
2592956,
4471562,
4332467,
3114660,
8476892,
7626208,
7364134,
5279855,
2393828,
2632993,
2842371,
2279536,
2019235,
8632517,
3615355,
4716435,
2225652,
2868445,
2070050,
3228007,
5151912,
3192173,
3054195,
3023342,
2265701,
2652715,
2220630,
2174102,
1832043,
1707149,
1916773,
1820465,
1948013,
3025939,
3349982,
3433315,
3033034,
3359415,
3225262,
3935605,
1818779,
1841105,
1735358,
1812093,
1976785,
1879340,
1731160,
1750371,
2487506,
2349227,
2216423,
2920708,
1962950,
1894488,
2546008,
3225913,
3573721,
2053310,
1909796,
3065600,
1947451,
2376217,
2486295,
2585821,
7814176,
3178732,
2532041,
2439841,
9229726,
4044779,
3047928,
3784775,
2964084,
2917191,
3372235,
3316416,
4256975,
2364490,
2108278,
2095313,
2206588,
3290134,
1847734,
2476597,
3522880,
9484248,
4338156,
3670977,
3721742,
4466855,
3854463,
4425093,
6690518,
4404712,
6534687,
1980667,
1884106,
2194079,
2723898,
5730031,
5611746,
8084339,
9316700,
2810395,
2568780,
7901380,
6234223,
2697826,
3131986,
3215413,
3201957,
3193676,
3884701,
2145015,
2119419,
2153217,
2209846,
2768106,
2438994,
2525276,
2979508,
4542522,
4692452,
2481683,
1876165,
7148236,
3752149,
3655787,
2435724,
2225959,
2034438,
3216917,
2201472,
3011978,
2174562,
1936497,
1820555,
1881014,
2083691,
2492312,
2425561,
3021905,
2125339,
2238313,
1876197,
1960017,
1720425,
2501108,
2330671,
2108644,
3187828,
4256804,
3197754,
3003831,
2060431,
2258093,
2836111,
1863167,
2137012,
3112645,
3584281,
3052974,
2662489,
2028715,
6925809,
3900090,
3376921,
4191545,
5788718,
7035240,
2423771,
3942802,
3460531,
9391659,
11279446,
8368289,
6883437,
3903258,
2808304,
4216931,
8799554,
6411533,
3619211,
3195288,
2650520,
3687126,
2338231,
3591448,
4892938,
3878638,
3644429,
8815459,
8265518,
9784398,
4260806,
2458885,
2983744,
2541704,
2687874,
2971296,
3177857,
4498198,
3878780,
3273560,
3326595,
4729123,
4600682,
9159073,
2763530,
3717137,
2732848,
3069556,
8845286,
2995828,
2678175,
3034743,
3822364,
3469626,
8654179,
2771662,
2270580,
2356101,
2272750,
2557793,
2266856,
2760281,
2437462,
3182426,
2240083,
1814581,
6266063,
3343430,
1941998,
2042614,
2180746,
2204194,
1932723,
2998139,
3505558,
3135189,
7486802,
9621577,
4759547,
2013635,
1938547,
2132784,
6009987,
2442967,
3606571,
2464567,
1996382,
3202234,
2299142,
2047327,
2376331,
2261456,
2762440,
3149876,
2238949,
2140052,
8033271,
2944700,
2099238,
2182387,
2530804,
2808228,
1975716,
2902747,
2451130,
1995397,
2480943,
2888979,
2996996,
2386852,
2660429,
1959897,
1937083,
2345341,
2550575,
2137645,
8866599,
3842673,
2767458,
3341153,
3677442,
2079144,
2220268,
2909568,
3605630,
1871086,
2295811,
3172798,
7661582,
3511810,
4308425,
2414144,
2199243,
