435722910,
50185122,
40944976,
41906420,
48918950,
36887474,
34878779,
43608755,
37923998,
35776452,
35664557,
39296468,
35944323,
43231792,
72834890,
51597325,
35824816,
45069515,
39809384,
56801254,
55161322,
42975306,
36905065,
38151149,
37134323,
39126950,
40208362,
42425889,
37921921,
45795722,
46780515,
40819274,
47358082,
59934819,
45176662,
47127009,
54274575,
37882752,
38260478,
35506175,
35681850,
37537673,
34078945,
35303820,
37586303,
45060623,
43374184,
43058983,
40967328,
39682030,
38184682,
39399750,
36548603,
38379907,
38247249,
40271546,
41019982,
40894858,
39956621,
44934497,
48556657,
43969754,
55845780,
50157062,
69081409,
44722322,
43276959,
36081639,
33487627,
32477635,
32880554,
34575688,
38378140,
34543704,
33536851,
40685337,
31719486,
35714718,
36558242,
34389570,
36705371,
33431746,
35450794,
36854720,
34149193,
35555016,
33038623,
31550072,
38357906,
38131011,
35676334,
34479338,
37004653,
35767021,
43978924,
38856180,
31924338,
31821413,
35604149,
33188509,
32781624,
31787578,
33305027,
45622119,
33161904,
33985437,
33614473,
35576699,
32078025,
32600881,
31739788,
33334922,
33514368,
34019834,
36224485,
35985621,
31916253,
31597737,
34647724,
46844389,
32926439,
35850548,
42311271,
35350938,
47201101,
46969124,
36413119,
39215352,
40239894,
35661009,
36185367,
34055940,
42670369,
35174137,
37655973,
34911099,
35020466,
35059484,
39719367,
32340185,
38674964,
30605396,
32860231,
31019623,
33174133,
33202487,
32911007,
33157320,
33690953,
32215101,
33043453,
41145362,
38025861,
39343059,
35295283,
33545747,
34183543,
37266617,
36928623,
35374898,
34183318,
33575563,
35711725,
33652536,
44563951,
34388914,
41598991,
30549001,
34711510,
34285534,
38103071,
46473283,
52872215,
107692282,
84256135,
39421803,
33804324,
33360073,
34552047,
35592889,
33705284,
32750105,
45213503,
33476696,
36486148,
37388088,
34253697,
31485621,
29638768,
37068145,
36648178,
31167828,
33712016,
33986031,
32983590,
32363561,
32440347,
34503041,
34444820,
71072326,
33919024,
34448242,
35511538,
31289913,
35731957,
32535766,
31966939,
30703907,
32182102,
30482618,
30636699,
32427359,
31446943,
32968052,
31115100,
32794745,
32657957,
32642071,
30486177,
35144093,
32929204,
37009921,
51147597,
43301825,
41127900,
44296083,
43707793,
41388051,
32481375,
33186213,
39721173,
38858292,
39672112,
43071272,
44584715,
42498894,
39107070,
42705214,
46784884,
34996456,
31813318,
32309793,
45391063,
33000813,
31240394,
35096847,
42533821,
43102188,
40726343,
39692477,
43031454,
48697074,
52671607,
41332862,
47739833,
45649256,
44268329,
38401362,
32881526,
32633180,
33781970,
35542765,
47943908,
34212648,
41774994,
37740910,
33425176,
35511483,
35581646,
31058326,
35014349,
31757497,
31572742,
31807083,
33889963,
35091335,
40999629,
46785682,
31655011,
40434405,
44013554,
31841184,
31340402,
38554762,
35148092,
32041595,
34068828,
30689914,
30697487,
30143409,
30577870,
30098749,
36214796,
36037117,
31335931,
34474212,
31901074,
34280435,
39518409,
33446408,
34207826,
39998408,
41497537,
33390087,
33561596,
34915171,
35700976,
32560645,
32035891,
38720560,
41847193,
37975537,
35513611,
31911962,
33899042,
32503686,
36717541,
39069172,
34625486,
33697135,
35015147,
32106339,
35789027,
32730055,
38918522,
33716625,
31227994,
34222823,
31174227,
32104322,
38611615,
41070379,
31009065,
31105285,
30328279,
30754657,
33612625,
32346543,
31445588,
33199638,
31354267,
31070164,
35125639,
29882577,
31673736,
29953397,
40194079,
33912111,
31067349,
31417597,
34851320,
30820822,
29920781,
32273754,
64660173,
30916775,
30404772,
37876153,
30435121,
33955722,
36907738,
32166026,
33516940,
30192712,
33940501,
100431525,
31449501,
34050122,
38103729,
36090523,
32483708,
33398662,
40353171,
34630760,
35345529,
34435564,
34796847,
33127851,
33789301,
51839747,
65882021,
33162209,
40876378,
30725348,
30552158,
30003918,
34942476,
30730230,
32519762,
45864803,
34856658,
34612586,
32561501,
32520667,
32125396,
33167813,
34473293,
35039225,
34835638,
29154231,
32223951,
34096180,
34864206,
39877276,
36891588,
38065613,
37304026,
32870359,
31595716,
39094366,
36305942,
33732266,
33210307,
35309618,
32072761,
32960986,
39521429,
33201632,
31985618,
33782157,
29666539,
31096061,
31693016,
34746814,
32347479,
31006958,
33980516,
32313630,
32374934,
42021518,
32328064,
32742438,
32110574,
29865694,
31020401,
42227999,
32339177,
36526668,
30351812,
85392983,
29622559,
29933182,
34835061,
33592355,
35220657,
31918545,
33491058,
30640792,
33622906,
29892817,
29655391,
35145384,
39773473,
31768923,
32379065,
31419025,
36578494,
34608323,
32198733,
32193053,
30163688,
32798297,
31439581,
34492934,
37288811,
32338997,
31617423,
31231719,
39185560,
32192629,
33674735,
38750082,
34905982,
35125996,
33860712,
32270903,
36933732,
37016896,
38067422,
38082272,
37242626,
33792774,
35679600,
34565425,
36014779,
39531487,
32355202,
31578088,
31893966,
32413595,
33162841,
32791079,
35733762,
37098024,
33262640,
39077772,
38332348,
39247649,
34748272,
38481508,
32319624,
37114929,
40449175,
33582559,
33331169,
35702174,
32193579,
32648254,
36392676,
35011074,
40267410,
50100101,
30724871,
38140491,
31373127,
32398404,
36770407,
30873232,
33508285,
34885390,
36076766,
34291051,
37011740,
36506125,
31612580,
33902401,
29109263,
30579432,
31222468,
31908988,
30407889,
32647835,
30536057,
33165840,
29853107,
31265236,
29803477,
33251415,
32038294,
47642682,
28925090,
34290741,
29516448,
39133758,
33314122,
39983827,
37144089,
37856822,
34539962,
35662619,
30042421,
35022794,
34536050,
33798847,
30738546,
31465755,
34746677,
32953518,
34715383,
31056793,
32042586,
33207830,
32134210,
31376797,
31121255,
41437724,
34094596,
32191161,
31354232,
30113211,
32060748,
30391661,
32680027,
33271871,
31312802,
36217061,
34772543,
33537338,
31092827,
29709632,
31526473,
35578040,
52404940,
30850775,
32825205,
36584597,
33112701,
33289736,
32118016,
42679831,
29485861,
29610971,
38833895,
33517699,
35799147,
29590584,
30479790,
32663690,
36349497,
34745432,
