429920745,
42340748,
43223303,
50641026,
43816092,
50143880,
38370477,
41014320,
35931488,
37454953,
43354510,
46971446,
41224376,
39511589,
46899221,
33108051,
35307520,
43976345,
56593785,
41375210,
38564616,
48100195,
50491155,
46187047,
35954392,
37231221,
40771597,
45258358,
45480749,
39741943,
39477087,
47435889,
43840380,
73566324,
41137636,
45929368,
38865944,
39265319,
42604638,
61854423,
44221174,
37499117,
44912180,
43930088,
43351045,
50888345,
84541513,
59525237,
49010017,
34426544,
35706923,
54737112,
44318497,
39349012,
33537336,
46375841,
36534671,
35861472,
38858822,
80316551,
113015351,
50846199,
42264396,
83551222,
38295613,
34608533,
32497539,
32452735,
35563697,
32855567,
39614754,
93446391,
40847325,
40654126,
33576534,
32668766,
30768317,
32376861,
41954560,
32873361,
32518872,
38626101,
32948619,
39376461,
34510342,
31702456,
36628764,
57446179,
53917735,
34317011,
32233067,
32627040,
32849299,
31153862,
52888394,
41473027,
59161372,
33169392,
34197606,
36840478,
38719317,
42411207,
34453021,
33575186,
40811451,
31720884,
31567555,
34026760,
32793126,
32631251,
45441285,
36804893,
33920202,
47131831,
41496336,
32335016,
36249958,
33600029,
31122757,
33977224,
32449896,
36529854,
34796588,
41234335,
35842863,
43026906,
34765867,
34881582,
34238839,
31992591,
38224774,
45035033,
36979965,
33348392,
37385179,
39468087,
35604746,
32997320,
33512130,
33402578,
43480141,
35470658,
39022166,
31282742,
34875095,
41017869,
38569799,
33451740,
30783971,
30630111,
40620382,
37376699,
37909001,
31743221,
31123611,
32352635,
34532058,
31585957,
31650268,
45354375,
46016420,
33788439,
31334552,
31781985,
33661666,
30827948,
32731759,
31033786,
32799309,
33188505,
31892444,
31656201,
30367398,
31918487,
40552672,
34489660,
37158497,
46403755,
37160441,
38914046,
38914786,
40546856,
34538792,
34317185,
41535053,
33715837,
44192995,
34620302,
30351211,
33623192,
34069727,
44407048,
38814032,
40021073,
37426175,
47798049,
41901889,
36803790,
37369019,
31847993,
51380390,
40509552,
33263016,
33606258,
34625217,
35946253,
38003838,
40939952,
32643684,
52495656,
32519086,
30339147,
31201004,
33404607,
34156200,
33653222,
34286765,
36848191,
37271010,
38216567,
40585714,
53456619,
51236567,
40044850,
32148258,
36592421,
37461303,
40308978,
32139624,
37386013,
34605441,
42517276,
42474578,
35459537,
39038440,
35313284,
39498180,
34447525,
32344003,
81660988,
39928259,
65047007,
54605927,
77575275,
36076023,
35190286,
38210990,
38497450,
37689174,
32721343,
46428143,
35863390,
32750917,
31173587,
32294929,
32049172,
35116667,
36830325,
34463964,
34174711,
31483816,
35540524,
37689028,
39046920,
36445876,
37294310,
37583540,
35817933,
37645421,
35338024,
36961074,
41157000,
32251652,
68125439,
60917396,
47268217,
37331802,
34239515,
60968117,
39514237,
40280185,
52580891,
39323129,
53850619,
56840392,
41439485,
32637134,
34827687,
32835066,
32030304,
31187673,
35679577,
33643603,
33421577,
33229652,
32985124,
57632350,
35480649,
30262815,
32000684,
31064172,
29545871,
32792344,
37844154,
38648176,
31985217,
32293195,
33383452,
33488898,
31230519,
34883938,
30668152,
32577656,
42113204,
32516090,
31381557,
35102247,
36275214,
33236159,
45579162,
38887003,
32302575,
31293590,
34857443,
35546906,
33162817,
40700846,
33446933,
56519336,
39735851,
32169384,
72058174,
36755583,
36965288,
40226165,
35204153,
37333470,
36370818,
32754544,
33192079,
37892428,
32978941,
32608032,
41310791,
39839153,
38241223,
43927001,
37989138,
32458990,
30414478,
30426728,
64671856,
38847291,
38583537,
36270357,
34761592,
35825403,
44117554,
31532310,
74394611,
36633610,
37319853,
33223013,
32994639,
38759479,
31624942,
49144314,
35239101,
36173410,
36010150,
36275006,
33494532,
105353489,
32887233,
31640991,
35078369,
31514562,
33205854,
40337551,
42110106,
32757839,
36370451,
33712498,
36866004,
76167366,
44926566,
32585615,
31705318,
30660371,
36671555,
43395319,
40109144,
32184666,
34019795,
33214823,
35541896,
33673984,
39036375,
38313243,
36576952,
30391917,
32653709,
30487410,
32200353,
32416800,
33996702,
36380545,
39137111,
60104510,
76125747,
32868563,
33205499,
38429046,
33211634,
32511114,
31793935,
33786001,
37931852,
37409493,
34575749,
37012029,
34824250,
34144877,
33577972,
33931274,
40566836,
42321941,
33623764,
35302028,
40883916,
37130317,
39717947,
33610845,
33827591,
36622888,
35950140,
36703297,
31947810,
35296022,
34868251,
36031466,
67774870,
83618294,
32285945,
32543936,
36655443,
35731368,
45999125,
35470006,
37927197,
36120074,
34671919,
29701603,
30889573,
31779022,
32480678,
31463909,
51677098,
32464762,
33408369,
38113229,
31017816,
30695191,
30153417,
32726600,
32082310,
31867412,
31223709,
29896561,
54855269,
28421409,
30280044,
34859467,
29530742,
35423349,
45983007,
38631113,
30983791,
36866316,
31867325,
56413347,
38955440,
41119475,
81027956,
37714188,
46977665,
32870168,
36203632,
38223658,
32542093,
32703131,
42827713,
34680026,
35591024,
33741672,
33327585,
38423160,
37964333,
35113064,
33061206,
33187566,
31350149,
32217069,
35177814,
37198440,
34185786,
31703503,
36890311,
30049302,
31518084,
34225102,
37635958,
33120038,
46245500,
35644588,
37677906,
34389464,
36946965,
37058985,
31190749,
39463880,
44207843,
36700756,
31917491,
34831721,
38524434,
55366388,
35972564,
35297124,
32015335,
32866849,
36190019,
37007141,
31390509,
31701687,
31631955,
43173156,
31024723,
38048565,
33638856,
32931754,
39281601,
43424680,
37763609,
65644544,
53882792,
34942713,
43584808,
28926271,
35988522,
32182051,
50390575,
31884691,
30192113,
30471630,
32420985,
37731172,
36280968,
31164072,
31747773,
34803851,
31209391,
30815111,
32140210,
34253041,
32206642,
35072976,
35607582,
34260384,
31367284,
38166999,
47158518,
30781161,
37030371,
30979853,
33148063,
31028553,
38684821,
31689313,
30460778,
28520847,
65700061,
32837140,
34798226,
33193914,
34208001,
34465144,
48041534,
29663602,
31962296,
34487976,
39212794,
32650900,
32148404,
34376309,
31377845,
31905733,
30847728,
31766048,
33104626,
