64095019,
6404670,
5065194,
4892531,
3883953,
2823248,
3153175,
3209537,
3232893,
4598716,
4429742,
5254539,
4455793,
3492917,
2943375,
11674739,
11793836,
5342684,
3057087,
9503020,
8722195,
6853989,
4842915,
3537850,
4127964,
5638552,
7607477,
7567262,
6637138,
6534713,
7351553,
6454238,
6222300,
7175321,
7703332,
6470823,
8398420,
8240048,
4571205,
4332455,
5403047,
5518817,
10104039,
6240944,
5965281,
5877555,
5572374,
7987268,
3154114,
4583324,
5359464,
4809762,
5144466,
3436557,
3277226,
4591644,
4680679,
3082999,
10045359,
12285055,
11538073,
10373232,
3074315,
3339202,
3785385,
2478897,
2717188,
2653583,
2421648,
1961630,
1885713,
2867497,
6656793,
3339873,
2864933,
2222424,
1784517,
2215135,
1767873,
2483978,
2791384,
3065888,
2053310,
2127600,
2104578,
1967887,
2076730,
1760983,
1734808,
1867978,
1985962,
2615465,
2245795,
2203331,
4282563,
4369685,
3155126,
3459748,
3466194,
3636445,
9201042,
1998861,
1970821,
8216621,
2282893,
2230838,
4004449,
2767499,
1859148,
6292800,
5463540,
2414376,
1671071,
1836348,
1806649,
4548445,
3914928,
2146953,
7117417,
1571980,
2524012,
2510333,
2594454,
1855524,
7950485,
2384981,
2387702,
3094838,
2006751,
7066076,
3456987,
2432951,
2578399,
2163995,
2153688,
2050251,
1824391,
1745129,
2330430,
5961678,
4186048,
1887549,
1693200,
1608043,
5648482,
3942870,
2382119,
1523399,
1618968,
1603135,
2469490,
5372174,
1969199,
2004400,
2444347,
1918274,
1774881,
1806775,
1799712,
8349494,
2144094,
1637354,
1845167,
2264110,
1626527,
1482785,
1584930,
1595954,
1646459,
1844623,
1543085,
1862552,
2353317,
1724727,
1608257,
1671272,
1683705,
5431193,
1513843,
1558694,
2378028,
2005748,
1594697,
8183145,
1552536,
1356203,
1507962,
1345072,
1582910,
3841583,
2610874,
1971290,
1876891,
2324911,
2122629,
5096368,
5489904,
1981606,
1984124,
5273789,
3841587,
1825650,
1723890,
2956714,
2289403,
3356734,
7430805,
2437949,
3957775,
3315684,
1580556,
1455032,
2001815,
2391462,
2262641,
1640116,
5260934,
2143680,
2301484,
4064208,
3082680,
5846546,
7590501,
2151834,
2415208,
4414306,
3187047,
2048450,
5384741,
2768869,
5205180,
7112709,
5212015,
3034981,
3040247,
7778010,
1866548,
1678943,
5400111,
4087926,
5455323,
2724432,
5310663,
2436695,
3092677,
5031316,
7756126,
1976919,
1643697,
5313108,
1508992,
1510530,
1613567,
1396958,
1850771,
1831108,
1441159,
2170428,
1343688,
1310285,
1579130,
3613992,
5287153,
5365621,
3312833,
4712304,
4737717,
3298314,
2448400,
6115048,
2010419,
1662652,
2975283,
2898741,
4622411,
1460595,
5249616,
1946387,
2433557,
5432797,
3371974,
2031926,
2204401,
2133769,
3032526,
2907756,
1359137,
1495912,
1622470,
1378779,
1348292,
2037265,
2988770,
3274838,
3298386,
2355453,
1727869,
1775309,
1700121,
1333818,
1396499,
1346072,
3208082,
5232195,
2122550,
1904059,
1998820,
2531977,
1874471,
2259146,
1535720,
1502277,
7564407,
4622844,
2896193,
2006802,
1570628,
2253301,
2326600,
1943560,
1931020,
2524797,
1795008,
1369462,
2223463,
1741439,
1814264,
2829118,
2724356,
2450118,
2056337,
2522487,
2930510,
1917320,
2614128,
2328003,
1989906,
2305634,
2667333,
2096426,
1798772,
1736157,
1744714,
2199924,
1650238,
2634582,
2151775,
1944874,
2052232,
1587633,
1912297,
4700336,
4893116,
3033946,
2769551,
5200560,
3043528,
1982279,
1931558,
7489151,
3163112,
4815745,
2569476,
2016865,
1447577,
1556485,
1609964,
6474776,
1855127,
2715174,
2171839,
2008093,
2084533,
2146181,
2453841,
1630375,
1352641,
5690654,
1514267,
2529071,
1833918,
1674876,
1883936,
2188961,
1363261,
1505915,
1511586,
2162929,
4854527,
5024394,
1587011,
1776402,
2440420,
2604475,
3639925,
3040438,
2678072,
5185652,
5189973,
1645970,
1314152,
1298050,
2442666,
2394480,
4050052,
3952128,
7410078,
4819736,
1861229,
1230647,
2529300,
5314444,
2153961,
2290323,
2357968,
2176184,
6223387,
4031227,
5784257,
2455642,
2935595,
3034919,
2898461,
2778125,
4898555,
4040328,
2335414,
2936413,
5903686,
3838305,
6673369,
4990726,
2213824,
2082662,
2576438,
7215754,
1824310,
1853260,
4587342,
3366339,
2046817,
2574476,
5015203,
2333286,
1474932,
1530493,
6034572,
2535797,
1676671,
1628530,
1801038,
1574085,
2300504,
1552963,
1395892,
1443389,
1735132,
1487741,
1766874,
1631197,
2285354,
1640566,
1687269,
1826829,
1786387,
2050549,
1635653,
1525202,
1639007,
1728704,
1645004,
1582657,
4959860,
4515590,
4528688,
2005589,
1971566,
2055673,
2934186,
4459381,
5035754,
3635760,
4938351,
6829111,
1626059,
3116931,
3482938,
3409252,
2619146,
2952891,
5067715,
2141279,
1894305,
2735998,
2817392,
5292243,
5316141,
3375640,
1973857,
2496439,
2278321,
2392116,
3587195,
3579071,
3394193,
1913866,
2068106,
2224948,
2186721,
2207039,
2087840,
2761565,
1617639,
5375746,
5407277,
1432674,
4560589,
6687243,
1939186,
4649104,
6052638,
3004133,
1865632,
4667148,
3173722,
1413445,
4921891,
5066094,
1586863,
1874231,
4749476,
4917135,
2530693,
2228858,
2188863,
3210536,
2211282,
1978529,
1713439,
2120553,
5021123,
4821819,
5731441,
5005946,
3713728,
2188897,
4688516,
1445980,
1952502,
1817383,
1891985,
3503265,
1971799,
1265897,
1355009,
6471995,
2446076,
2355161,
2337939,
3139147,
1987359,
1784028,
3019727,
4399979,
2783389,
2863317,
2856668,
4394768,
1948038,
2552152,
5492112,
1298261,
1175046,
1374187,
2024716,
1875077,
4493888,
1452349,
1478505,
1558456,
1896230,
3578713,
3478123,
3488666,
3840323,
5002318,
4525829,
1396914,
1452601,
2395368,
5054464,
1691481,
2052375,
1166960,
1351401,
2034770,
1642600,
1672599,
1520959,
3725629,
