478581290,
36261827,
28467913,
27935998,
29331240,
24575884,
35108221,
27759243,
29979259,
33224332,
29326018,
29466600,
23391027,
27907443,
52335755,
26204860,
23235785,
22994263,
25576064,
21904268,
23451368,
25690250,
27908175,
20982844,
24057264,
22453733,
29274704,
22219643,
23410960,
23851696,
23516038,
21853997,
24364632,
22825150,
23815025,
21229520,
23530196,
24334136,
22937974,
22195350,
21818458,
24049812,
24546479,
29073654,
22139146,
25073510,
28844500,
20741750,
21298751,
20757835,
29989190,
20084956,
25402140,
22814860,
25262362,
20033133,
19811712,
25433276,
26156589,
25527370,
21675223,
22674972,
26462079,
21704610,
23435958,
21595555,
19508943,
21475154,
22964613,
19953357,
23789185,
21677707,
23285631,
25487844,
27817622,
25355728,
22941378,
20859916,
19578599,
19468425,
22621267,
19938402,
19887404,
22637077,
22385231,
24122828,
22561434,
21100429,
21887281,
23902068,
30510441,
21827433,
25006545,
20737185,
21821819,
21077288,
21420901,
20779853,
20130001,
21530817,
18915795,
25506657,
18972561,
18711528,
22304998,
21568443,
21926924,
21125382,
22888494,
20521697,
21956578,
26489473,
26899570,
26166157,
20999520,
21603716,
21145574,
23552159,
21708862,
22642888,
21505900,
22430585,
30324533,
31250978,
28391256,
29254514,
28508297,
29462933,
38988132,
29575312,
24929443,
23959857,
25283216,
26981675,
25284560,
26025064,
22539877,
24325176,
23235064,
26737637,
25425773,
25243967,
25558105,
22719286,
23698843,
23710866,
26276861,
25063028,
24535705,
22118986,
20336951,
20295066,
22044349,
20823326,
19345890,
23823257,
31105565,
28704386,
28196770,
35000333,
30658396,
23950150,
19267957,
19753042,
20540918,
19713835,
19137347,
20341193,
19757748,
24054629,
19257791,
19182880,
21171706,
20129464,
21083712,
21391369,
21126129,
20521985,
29934779,
28387016,
23235380,
23081092,
24370085,
22620187,
24636309,
24672872,
18286459,
19235884,
21872835,
19514245,
19358013,
19378481,
20865508,
21204655,
18967201,
18940590,
19464433,
20018194,
24765863,
22513622,
23400113,
21856039,
18029269,
20748770,
21395513,
18262597,
18525990,
21322074,
24204178,
44284219,
34970780,
22184034,
25877990,
19665144,
19805610,
19401336,
20498839,
20256702,
20986298,
22769192,
17529968,
19633588,
18742647,
27275689,
27462779,
26507270,
27168321,
28827372,
31204523,
23147317,
20310382,
65722417,
19298144,
18560301,
19308337,
21228034,
23795393,
21574617,
19932672,
20407675,
19706139,
29798113,
24685855,
19838570,
22565721,
27023733,
20468044,
21369192,
20814028,
26838344,
22081606,
18947356,
27080842,
19788897,
18934644,
19632362,
20781900,
19032277,
18374571,
18406634,
18876265,
18465176,
18648402,
18720155,
20939189,
22737043,
22032380,
18359614,
18321838,
21389059,
20599924,
19458629,
28318846,
19015750,
29220443,
19519339,
18494870,
17437014,
21648939,
19454734,
19630149,
19660545,
19038025,
18574887,
19484256,
21025499,
26856686,
31940559,
25997372,
21715380,
30787117,
21400020,
18988593,
22641920,
107150988,
28082334,
23591138,
24812609,
22440171,
21654670,
18340124,
18900361,
19448967,
21222876,
28745873,
62097678,
21942062,
23795819,
19689025,
24141505,
20652548,
18231696,
19931710,
27347882,
19408591,
19135949,
21369199,
19679963,
21022178,
18983218,
23750475,
18543360,
18836798,
20679108,
19169925,
26063617,
21813775,
28975462,
26826460,
21560960,
21876709,
26181153,
23277282,
18892091,
25260918,
25779712,
29473610,
21406655,
19827140,
18524126,
21271780,
32325220,
19905505,
24738907,
24276774,
20864865,
27934416,
20106699,
22844243,
18484519,
29364683,
29140767,
29160034,
33549526,
23434388,
23986960,
26946737,
21962015,
22817420,
23446330,
23181605,
27172649,
27934061,
23402560,
25237490,
21685892,
21435486,
21225888,
22774338,
24512211,
31720272,
21980355,
21907854,
25168984,
23806661,
25635125,
23447638,
26153809,
32726574,
24244657,
26805005,
34853978,
28613800,
30964940,
27470241,
22743831,
19004879,
75778366,
20292671,
19287844,
19714112,
21225307,
23997213,
24040776,
25378286,
21600749,
19574021,
19785239,
29422076,
20057978,
19512779,
18663901,
19463116,
19111763,
19203055,
18895771,
19162618,
19368502,
20843488,
19206354,
97294471,
36034749,
30354420,
29000186,
24501650,
19803351,
20032759,
21708377,
25534064,
18435283,
21439772,
19588803,
17952415,
19378189,
19933415,
18571230,
20802695,
23702010,
18098989,
19163487,
20000195,
19995911,
22602768,
22839565,
18685189,
18278383,
26890066,
29347811,
19433491,
21661544,
19661981,
22370709,
18648910,
28712888,
21232721,
18305158,
18732197,
19706497,
18781414,
19351767,
19925170,
18232324,
21830415,
19660286,
20510036,
21433147,
18021025,
20617240,
20109124,
20266918,
21209021,
19708007,
21426608,
19466188,
18152870,
19413130,
18354518,
21262537,
19851503,
21626518,
18168259,
17764947,
18686944,
21819124,
23489405,
19336881,
21741283,
20066462,
19188965,
19760232,
18848347,
30279210,
19807868,
20669934,
19104806,
17755759,
17920824,
22160255,
18602562,
20417293,
17656257,
19813190,
19174647,
20723825,
20123235,
20094182,
22482783,
26042187,
20198541,
19685252,
20064875,
20744614,
17931243,
20532754,
20182325,
18452755,
18854305,
18870599,
21809478,
19116268,
27687271,
20979444,
19528289,
20084385,
19287825,
19017629,
20232761,
19939020,
19948894,
19177086,
25315484,
22663673,
22215762,
23320930,
22152831,
18278796,
22157862,
21731930,
20590474,
23482247,
22986755,
23192138,
52985413,
25028039,
19937766,
19957645,
17797024,
20193564,
20835943,
17339123,
18745196,
17011051,
19172709,
22206776,
24268500,
22283093,
19900194,
27957789,
23371469,
22800193,
19615338,
20763601,
22402195,
19187862,
21935716,
17875712,
17395446,
26180911,
23997421,
21933992,
21357127,
18048098,
18375508,
21158539,
18196085,
17945083,
21534191,
18017016,
19182592,
20307617,
17935894,
18216812,
20211290,
19974734,
19721860,
17774887,
16861937,
20207770,
17034044,
19172677,
18349474,
18752356,
19280970,
21364439,
18506383,
21188838,
17069316,
18759235,
18606393,
18850922,
20448768,
17682260,
20412451,
18752305,
21595085,
21927758,
19589350,
30612436,
17114172,
23582258,
