55898789,
5848343,
5195187,
8651038,
7069789,
7827705,
5895545,
5763706,
4424511,
5278760,
4020103,
3421747,
5772288,
4144996,
3513202,
3129833,
4712660,
6344339,
3646269,
3394329,
3835711,
3241332,
3674721,
4218453,
4913833,
4208003,
3965739,
10104566,
3753636,
4417921,
3520038,
4100148,
3422957,
4663855,
11387157,
2950827,
2957478,
3093386,
3046513,
4156600,
3364796,
3446851,
3573256,
3593187,
2945476,
2567761,
3763394,
2819685,
2917849,
3062921,
3332581,
3032602,
3511419,
2454730,
2610237,
2687059,
3012939,
3485558,
3836111,
2616060,
3168708,
2935665,
2910429,
3039932,
4262244,
3779717,
4803952,
4645845,
7073332,
4496532,
2472498,
2288892,
2924518,
2396391,
3540211,
3422940,
3319382,
3447738,
3337501,
2511625,
2271489,
2926759,
3279754,
2733400,
2578707,
4107011,
3687340,
2589390,
3175386,
3540172,
3414518,
3286238,
3302684,
3094493,
3224618,
3242364,
2792152,
2224224,
2632986,
2223433,
2733741,
1984321,
2014988,
2136145,
2160541,
7878548,
4562430,
6770490,
4235219,
4808165,
4056897,
4804560,
3137945,
2560792,
9475902,
10649354,
10425446,
10040195,
11543234,
8198920,
6638205,
5246024,
5407187,
6408338,
6599933,
6886184,
5045726,
5728175,
5985333,
7164685,
6664876,
5925657,
5756119,
4828078,
5743094,
6802265,
6759504,
2731375,
2111714,
2142532,
2128863,
2850286,
9372159,
9490390,
8514052,
8794220,
5363885,
2623759,
2181716,
2680135,
2219610,
2060867,
2234811,
2840239,
3516190,
3280602,
2405816,
2582190,
3409012,
3057363,
9888616,
9707007,
6062471,
5795171,
5022410,
7180692,
5540314,
2338061,
1862019,
1776320,
2000479,
3000590,
2947481,
5002354,
3496615,
2225328,
3092432,
2570477,
2545377,
2438513,
3237624,
2911109,
3064174,
2061592,
1866077,
1956417,
1884012,
1961580,
2007925,
9569721,
3665385,
3622303,
7070104,
3452608,
2000757,
2063127,
2492837,
2191497,
3050083,
2448361,
1914356,
2071947,
2267912,
2626566,
5175040,
15994456,
7222644,
8137101,
4223592,
3229194,
2943540,
2705036,
2633766,
2714579,
1690240,
2367957,
2500137,
2029419,
3275666,
2328552,
2321931,
2836067,
2219426,
3162544,
2450869,
3105436,
2240037,
3961336,
2513407,
2192141,
2622483,
2102346,
1945629,
1913976,
1953179,
1961224,
2112511,
3093868,
1926650,
2414575,
1945875,
2457187,
2391644,
2128885,
2472704,
2237414,
2245014,
2318706,
2029247,
2180001,
2271400,
2850624,
2056768,
2057362,
2268806,
2917545,
2450174,
1911509,
2231104,
1885467,
2040618,
1996709,
2179799,
2766987,
2174077,
1958049,
1710960,
2078392,
2184158,
2249623,
2730301,
3052083,
3268577,
3521747,
3090455,
4338198,
4674189,
4450062,
3749411,
1885223,
2324944,
2482480,
8251450,
2623503,
2064946,
2322237,
2211786,
1853417,
1950478,
1936622,
2861037,
2474589,
1964982,
2108017,
2084073,
2297148,
2735752,
2264409,
2511393,
2183960,
2204208,
2389060,
2111845,
2425674,
7529448,
2322050,
2050322,
3165591,
2933322,
4309267,
3684357,
2846549,
2961062,
2507809,
2802012,
3358089,
3995310,
3136089,
6821826,
9697505,
3368937,
2475966,
2705902,
2477651,
3007068,
2941214,
8810297,
7796601,
5488868,
4384914,
4415142,
4416821,
11056254,
8618478,
4666985,
4699630,
5618054,
4610718,
4625510,
4552730,
5706289,
4719514,
4357160,
4720984,
6272997,
4453484,
5127805,
4545210,
6842890,
5755123,
6807795,
8752408,
10147029,
9442074,
4894129,
2474773,
2772569,
2249357,
2167155,
2464280,
2391872,
2262833,
2347781,
2222028,
2463961,
3203224,
3072768,
3057483,
3166371,
3412483,
2429201,
2350218,
2580792,
2350101,
2510319,
4285595,
3298945,
2670222,
2811082,
3057439,
2808207,
2415667,
3043510,
4639192,
2986892,
4637003,
8874236,
2263707,
2154732,
2218691,
2535415,
1895780,
2296687,
2074776,
2188700,
2642096,
2623853,
2238150,
1977706,
2370076,
2703956,
2894445,
5064002,
3352102,
2712648,
2726248,
2902829,
8237334,
2540725,
2633630,
2758450,
3313098,
2498991,
3187721,
2136928,
2098551,
1869678,
1797540,
1758023,
1891760,
1908990,
2024995,
1945186,
2038248,
1996560,
2290353,
1943116,
1912148,
1826571,
2091812,
1920927,
2050623,
1944508,
2419929,
2865993,
1924420,
2121984,
2006066,
1982071,
2026232,
2292964,
4313024,
4639290,
2165797,
2336330,
1944266,
1892840,
1931352,
2934378,
2004386,
1937648,
1930893,
2475027,
1844899,
1982326,
1883266,
2156789,
2435582,
2212093,
2643526,
5521294,
5299390,
2528568,
3668279,
1841225,
1882886,
1946916,
1964938,
2009764,
2194234,
2181829,
2633660,
2329634,
3345804,
2772196,
2789596,
2685418,
2933901,
2242365,
1973969,
1954735,
2225955,
3304058,
5784153,
4512173,
2694414,
2265367,
2229915,
6606275,
7245880,
6370518,
7498684,
2793516,
2689632,
1984726,
1800546,
1807753,
1865524,
1909248,
2012752,
3028806,
3879593,
3548656,
3690460,
3844362,
4005416,
3639882,
3873033,
4369291,
1875425,
1934573,
3221339,
2479813,
7387157,
5677955,
2544618,
2378270,
2096065,
1814317,
1760561,
1749009,
1836302,
1876144,
2263931,
2387064,
1703818,
1717845,
2007193,
1797160,
1745390,
1688806,
1809638,
2517447,
1886029,
1689126,
1679417,
2731884,
2676828,
1775512,
1997551,
1928982,
2418268,
2034265,
1763489,
1687825,
2147731,
2504385,
1780327,
1802630,
1735904,
2726360,
1878601,
1999574,
1727355,
1665771,
1866515,
1640907,
2344871,
2523892,
1791974,
1908331,
1949882,
2209288,
2647121,
2004348,
6718697,
3694280,
2839506,
2109094,
1774365,
1679821,
2524054,
4139958,
7632870,
6365837,
6450250,
6999540,
4911075,
3490548,
3425052,
3278028,
4328432,
2621856,
2199929,
2066288,
1892675,
1983403,
1830005,
6270620,
6842778,
7187130,
6869668,
3367300,
3510364,
3241926,
3143473,
3410138,
3384538,
3413475,
6759905,
