59554470,
4354517,
4106600,
4881771,
4454400,
4227625,
3710424,
3855974,
3169314,
2722564,
4293521,
4448447,
4728812,
3301566,
4573366,
12336791,
17037947,
4740228,
2685577,
2733706,
2509020,
2389037,
2395178,
2755335,
2615350,
2702389,
4386678,
4155670,
5057831,
5256224,
4808046,
4740170,
5964072,
4375056,
4521279,
4097710,
6460853,
4110526,
4268741,
4259039,
5399858,
5748710,
2897874,
1788783,
1923174,
2027538,
1881602,
2976347,
3904508,
5008287,
3576690,
4163908,
4266031,
4310239,
4711456,
4504612,
3912542,
4467337,
5329843,
5042078,
5208975,
4123377,
3566727,
4069621,
3449416,
2243400,
2334735,
2280790,
1712238,
1924836,
1781712,
1683187,
1769900,
1979342,
2472980,
2409171,
2304999,
1581756,
1560293,
2626410,
2309600,
1660056,
2324967,
1803201,
1818540,
1782796,
1969381,
1825670,
2234178,
2417925,
1967303,
1841539,
1747461,
1715901,
1898762,
2532914,
1629561,
1707493,
1671180,
1561623,
1635221,
2084563,
5278959,
2520225,
1793798,
1990881,
18157127,
7811030,
6486720,
8536046,
7381615,
5237583,
1865574,
2409340,
1981963,
1761808,
1795462,
2510530,
2560992,
2440937,
2502665,
1519133,
2556607,
2290337,
1972678,
2487039,
2648758,
2929047,
2392934,
1564834,
1991854,
1866059,
1793242,
1761250,
1843303,
1791346,
2057286,
1805968,
1705132,
1754973,
1550628,
1584546,
1621569,
1657530,
1835446,
2155201,
1805128,
1561565,
1601106,
1563077,
1653851,
1559260,
1705215,
1599300,
1496731,
1512277,
1512778,
1927579,
1892708,
1812684,
1392939,
1287581,
2274465,
2216094,
2527273,
1819185,
1398403,
1382493,
1506505,
1960983,
2323009,
2179653,
1735504,
1559201,
1616029,
2246021,
1594812,
1564188,
2039382,
1591192,
1618818,
1372146,
1567866,
1508437,
1986582,
1452232,
1368747,
1378938,
1415671,
1414933,
1487191,
2143310,
1508739,
1497630,
1542252,
7067807,
1935798,
1567000,
1625489,
1615309,
1557890,
1630130,
1681203,
2188122,
2071521,
2085624,
2415127,
3546175,
2751698,
1633478,
1404455,
1367473,
2244414,
1716006,
1650670,
1652283,
1711439,
1652248,
3340354,
1431673,
1510765,
1275667,
1315327,
1589326,
1745974,
1556902,
1432182,
1433996,
1511153,
1640444,
1534582,
1457609,
1493357,
1508471,
2127586,
1499309,
1456028,
1576569,
1910663,
1572316,
1829671,
1640788,
2005704,
1899435,
1562053,
1385422,
1336335,
2158317,
1427422,
2144201,
2098561,
1371849,
1472644,
2623540,
1731738,
2867082,
1636352,
1472449,
1758238,
1842908,
1714400,
1510787,
2286101,
1983124,
1739645,
1399540,
1340325,
1315165,
1397018,
1489803,
1632407,
1497903,
2192590,
2339944,
2418345,
3084005,
4674375,
6165829,
3468861,
1623809,
1649995,
1775434,
1869840,
2531762,
2636289,
1860637,
1372044,
1797014,
1259669,
1488832,
2535884,
2560142,
1542670,
1303604,
1336519,
1362608,
1454129,
6400388,
1958280,
1270831,
1265522,
1337155,
1744700,
1371161,
1214074,
1194405,
1317141,
1310824,
1373947,
1340404,
1400932,
1304353,
1614713,
1298899,
1523963,
5029955,
3152068,
3398919,
4592132,
1547225,
1386164,
1175089,
1391831,
1676315,
1186200,
1554387,
1462931,
1318239,
1192987,
1248884,
1325787,
1315202,
1316742,
1255006,
1453525,
1376847,
1286378,
1426280,
1608620,
1846515,
5534760,
1386775,
1223197,
1299337,
1303666,
1259329,
1921459,
2835231,
3262492,
2871052,
2255933,
3364109,
2530157,
2479163,
1700576,
1843772,
1384486,
1230669,
1198110,
1322184,
1718508,
2017721,
1814629,
2568935,
2145468,
1294223,
1240882,
1222269,
1258087,
4553564,
4576778,
6391064,
2270953,
1786995,
1649748,
2621029,
6282668,
1657838,
1942118,
1762988,
1972688,
1663215,
1840889,
1936614,
1366963,
1356365,
1311808,
1483560,
1337442,
1534746,
1428979,
1455837,
1386094,
1191883,
1234005,
1660575,
2052946,
4614675,
5492520,
2170826,
1878560,
1743397,
1949441,
1651443,
1890658,
2070793,
1778994,
5605860,
5396005,
1524615,
1324643,
1729961,
1776819,
1793260,
1619899,
1283948,
1273899,
1603421,
4974988,
2281636,
1526887,
1633783,
1772492,
2117915,
2059912,
2234797,
2574408,
2036248,
1270136,
1383431,
1496981,
1484780,
1363085,
1527489,
1679370,
3376745,
2177894,
2541964,
2289408,
2518720,
2363190,
2818952,
2746101,
2125060,
2560894,
2498670,
1518444,
1822453,
1599941,
1312087,
1721348,
1681609,
1661123,
1897918,
1513115,
1281481,
1439566,
1182314,
1737197,
1893945,
1222225,
1169438,
1799632,
1279614,
1748809,
1871361,
1389439,
1857766,
1440227,
1664365,
1718450,
1371802,
2040916,
1871335,
4550385,
5810362,
3102785,
6247463,
2708230,
1632846,
1686609,
1784429,
1937616,
1795676,
1631801,
1189280,
1348086,
1159251,
1357360,
1388306,
1405239,
1864409,
1524640,
1763056,
1765464,
1753709,
2269945,
2178331,
1479708,
4339349,
2764821,
1264610,
1237070,
1257372,
1360001,
1694133,
2193068,
2130749,
1450446,
2222882,
1597528,
1553461,
2184703,
1544261,
1483205,
1561798,
1406627,
1585470,
1413778,
1377429,
1456667,
1447829,
1994693,
1944023,
1194878,
1341519,
1610784,
1917759,
1307362,
1356632,
1626065,
1643990,
1636588,
2360872,
1871838,
1375181,
1952591,
1507863,
2087183,
1530416,
1229564,
1255969,
1639010,
1503855,
1607128,
1692045,
1271000,
1354885,
1327157,
1441990,
1211621,
1619167,
1410065,
1204367,
1237712,
1676570,
1281829,
1221832,
1537615,
1264779,
1263917,
1522240,
1342447,
1227248,
1527321,
1347673,
1713530,
1561011,
1749820,
2035543,
1845591,
1751069,
1460771,
1568814,
1664113,
1467348,
1802022,
2888199,
3038085,
2670736,
2123842,
1124679,
1212454,
1218804,
1268180,
1291128,
2058452,
1776836,
1470162,
2333459,
2439103,
2911008,
2015523,
2750244,
2099784,
1976547,
2148043,
2323032,
2119206,
1830640,
