356549524,
27848113,
26614177,
24330185,
27252350,
112470001,
30495138,
27762330,
31865035,
21979225,
22850623,
23258993,
21733904,
21851238,
23478061,
24146907,
25305391,
26700253,
27534231,
46500972,
46269385,
24935798,
21824724,
20516922,
32960307,
21524700,
23938128,
19951475,
21242921,
20923607,
25158371,
25038034,
26557873,
34713387,
24523581,
21715121,
23423223,
24718122,
26714330,
26686292,
25909237,
24416827,
26372251,
24604074,
24784052,
22514705,
24292664,
23774311,
22880223,
22105073,
19141950,
22723343,
38454548,
20810027,
26316784,
24353847,
24348695,
31322439,
30228778,
24987939,
25385989,
23496827,
37133459,
31716625,
30017927,
28918801,
24825049,
21840605,
25660302,
43361551,
22659327,
21178994,
47441649,
21533978,
21003014,
18927934,
20375615,
20171289,
30383003,
24847721,
19092728,
22459817,
20510702,
25685731,
25597550,
33890637,
19938836,
57246257,
20953408,
18239719,
20591695,
20287949,
18686309,
19014646,
21634490,
20741489,
18815289,
24725454,
22514874,
19952168,
18976710,
19139373,
18867078,
23491749,
19158584,
18376895,
20904680,
20217161,
24755411,
24753099,
20828926,
24923261,
22544044,
25913042,
22236806,
33362728,
31997136,
27898155,
28914167,
26025658,
20230260,
19607913,
19435235,
19129488,
19328090,
18710656,
19536108,
21016463,
19299252,
19817927,
21603784,
20911798,
23113809,
23245039,
25702672,
24067237,
23002885,
20638618,
19396430,
23292118,
18753305,
18386638,
20608356,
20934632,
29530104,
19657258,
21733571,
23901060,
20272906,
20767298,
20401842,
18948323,
20620538,
19152243,
20366481,
21576232,
20911191,
23876062,
17849352,
22334568,
18659584,
20024488,
20947748,
31238929,
19085067,
18949692,
18999708,
19789264,
21966049,
19993933,
24660822,
20430116,
20978017,
21253230,
20417191,
22989339,
18281426,
18761092,
19879316,
22349168,
22736071,
21678529,
27361205,
18833564,
21509238,
21007983,
29280367,
19372229,
20620359,
18919347,
18240012,
18970340,
23236258,
20259873,
19335955,
18620784,
18488794,
22631423,
23001067,
19134452,
19755166,
19901366,
22841836,
22083771,
63433027,
21630522,
19362209,
18770823,
20543577,
20548079,
23444182,
19591015,
21930195,
20818970,
19843243,
19078287,
21234810,
18928030,
17357410,
17962940,
21477027,
20280228,
21340924,
20462115,
18826750,
18927962,
18825496,
19229459,
19516676,
20907453,
21956203,
22753056,
19465350,
19621161,
21239650,
24745429,
18544313,
19749161,
19459272,
29368685,
29365715,
18333962,
18158993,
18502114,
19448477,
19694827,
18625150,
20290369,
21791106,
18383720,
28795409,
18573485,
19239380,
22638884,
22487415,
21160841,
21623284,
18886891,
20780986,
18909868,
18405952,
23705949,
18593538,
19228524,
17964983,
18914963,
19850173,
23707840,
19163423,
23960372,
21267370,
18186124,
19683829,
21061611,
21938000,
22370140,
19914081,
20894924,
18253538,
21227723,
18606617,
19977132,
21159092,
23258222,
18397317,
18536148,
21184054,
30164628,
20635604,
25745228,
25427040,
26365212,
22258060,
19882681,
18523443,
17736033,
19547275,
19632005,
21495417,
28501674,
18431282,
21868896,
19729328,
19420770,
18547218,
21086939,
20450490,
19834011,
18654659,
20619778,
18090487,
17992173,
19471616,
28169725,
28672903,
22408501,
20787683,
27377668,
18924098,
19639745,
18484168,
19447692,
20577931,
20186008,
18041490,
20886961,
18527809,
24670149,
19065001,
21756743,
22885151,
34135668,
22488764,
23210762,
23319110,
21182825,
17694858,
18016770,
31131833,
28055252,
22740818,
21051205,
21126089,
29170190,
23919127,
18140666,
17764079,
20262892,
23412701,
18165202,
18565670,
18730424,
20109378,
18346631,
18403549,
17971880,
17918486,
17926869,
19041277,
17639522,
18163966,
18276247,
20220911,
20143024,
20238431,
21256926,
20085695,
19910390,
24628225,
23201497,
20445249,
19649573,
20359302,
18927352,
18369870,
19155662,
18002786,
19419552,
18395095,
19337895,
19751903,
20210319,
20563657,
19612425,
18673209,
20000194,
23582761,
23470596,
23644911,
28252006,
19407308,
22040997,
21661876,
29487411,
26222674,
22749506,
19496080,
19570060,
20752584,
17774791,
17947465,
20090940,
18225696,
25710617,
18176336,
28358764,
17820582,
18378635,
18800404,
17905280,
19405185,
28534845,
20532346,
17692478,
20093233,
23049117,
23689236,
25966433,
22783389,
24916612,
20538330,
18085788,
19429692,
36872655,
19833401,
22862081,
30410493,
26879848,
21338576,
17624416,
26009068,
19544455,
18881808,
18245976,
18654663,
20106322,
20238030,
24453503,
23007886,
27234251,
21103294,
20105214,
26897660,
22345424,
19297902,
19760406,
18411408,
22676667,
18259268,
19189955,
18821225,
25030989,
18649664,
21794372,
22204947,
19588704,
19749501,
21105566,
19643982,
20959448,
19725816,
24204625,
20520619,
21823267,
21661362,
22153021,
18241542,
20201220,
18923449,
17757893,
18117939,
17792918,
20943703,
19114650,
20972400,
19769105,
20316553,
17855876,
55144614,
18037468,
20029618,
18943709,
17555245,
19418826,
19667968,
18791755,
17675816,
19078201,
19805742,
22706191,
97363998,
26969134,
21269146,
22119779,
25471923,
22053667,
18825217,
24521138,
20948562,
19121590,
66314511,
32738379,
19482731,
21729705,
20246125,
19849925,
19055187,
18607190,
19616234,
21319697,
22846178,
27167263,
29649413,
21354566,
20168681,
18317101,
19042566,
17585699,
20349071,
18591169,
17848035,
20562883,
19574771,
19320212,
17956923,
18434132,
17649800,
17620528,
19221547,
20781874,
18140402,
31886329,
22890091,
18867611,
20441083,
20084696,
18115458,
21627166,
19461897,
17140941,
18748186,
18493579,
18737109,
20236337,
18152283,
18162626,
18955174,
19946771,
19082582,
20096412,
18717006,
28286917,
29382504,
18876369,
19298684,
18812447,
17391554,
17961628,
19887630,
20543235,
26467584,
19963007,
18157579,
17093203,
21445543,
42509368,
18272527,
22148274,
19288203,
17970364,
17298427,
21792285,
22622361,
26748463,
17629659,
18515507,
18497320,
29016975,
23105764,
17543621,
20650111,
17609893,
18105232,
18978701,
21426702,
25066924,
20666248,
20182971,
21956073,
21464621,
18502526,
18773398,
23435100,
19006370,
20101383,
20044423,
19726096,
20638337,
18023563,
17800392,
