521474563,
31578696,
28867260,
26935358,
28692694,
31827075,
29111032,
27056181,
38633349,
21900106,
30249471,
27596473,
33121493,
23714943,
25355375,
24177239,
24943555,
21597180,
22392611,
32098534,
24051784,
21970663,
20071845,
37012650,
36014506,
21134036,
20862747,
27302382,
21923527,
24995978,
23227726,
21187302,
23252479,
20917429,
27237512,
21709126,
23029800,
21284473,
43037121,
21255790,
49398371,
28374752,
24163672,
25167293,
36551957,
34039792,
36966259,
41296390,
25859526,
24528553,
22418980,
23870342,
25029288,
27539199,
26409070,
35045283,
26254871,
26697618,
25832347,
30462105,
49420952,
50120644,
33319936,
60511375,
29315091,
26878550,
21693622,
21768439,
19779787,
21718927,
21089565,
25245343,
23931464,
46260018,
27592295,
22842961,
23429938,
20616121,
19834324,
22024706,
19109766,
19439350,
20399638,
20493385,
22224120,
20117850,
20164023,
69698223,
22778814,
20416652,
19048818,
20886177,
18032987,
19939283,
19662351,
22100913,
22141621,
21385827,
19939578,
20610469,
21870919,
23666479,
22028585,
19582889,
19799673,
18209868,
22131482,
20301674,
36275499,
20311028,
20485748,
19133748,
19018360,
22095427,
20791655,
19246833,
23435007,
21321677,
20607796,
68397797,
20048555,
18596133,
19719203,
21036487,
29836037,
24438610,
24468672,
19682546,
19282999,
21739353,
21394205,
18916236,
19189060,
17977655,
23539462,
26445604,
22097567,
18470367,
18125792,
20872238,
20173879,
18969101,
20381011,
20043599,
18268888,
20964924,
20658402,
18057531,
18677657,
24778166,
17581704,
18559994,
18986787,
64191042,
21968053,
24534398,
20744738,
20199015,
21258115,
23120494,
19155418,
19034008,
19013193,
19405958,
20719732,
19497882,
20073457,
17908024,
20077666,
19880909,
19490978,
19637469,
19407472,
18545443,
38081210,
20121010,
22565761,
21603491,
19086378,
18323842,
23622054,
20014457,
21577456,
68393710,
21815089,
21440702,
22355222,
19870152,
21199036,
19702277,
22097645,
20577475,
19786406,
20987564,
68207949,
18642294,
27075167,
27111380,
20242859,
20503419,
19976296,
20257104,
23004689,
18706564,
21530976,
20592345,
18222200,
21551615,
19771475,
26574444,
22309502,
21408757,
20746330,
20220309,
19951225,
19915252,
20329371,
21997796,
20181116,
46474329,
21161631,
21063768,
21694723,
20307288,
24463131,
18704814,
20387925,
21347243,
19383382,
19067649,
20428354,
45495221,
19708778,
30989917,
18413792,
23274193,
19823051,
18448391,
20573176,
29370192,
22751525,
22561497,
21962008,
20066034,
21321572,
23308397,
19087846,
18374308,
33819489,
19740029,
26089399,
20431229,
20005904,
21290135,
19572006,
20776559,
20357226,
18976200,
21080756,
17855996,
21831905,
23093573,
22217419,
18908348,
22611969,
50885346,
19125687,
18541870,
57194662,
22488528,
20255638,
20753022,
20183454,
26157531,
19018127,
20049659,
18247764,
19967328,
18702409,
27677909,
27085945,
18461407,
19015646,
21671738,
17641784,
19615546,
17357217,
18644112,
24420347,
27111926,
21586798,
18908609,
17641741,
19403661,
35979832,
20858638,
20692414,
18294034,
17912982,
20215730,
24073764,
25573022,
20669462,
24136123,
25356046,
24791633,
20776612,
19272754,
18027818,
18658015,
19297042,
19097095,
19502844,
18201821,
18846401,
25381921,
32422065,
18173104,
20386543,
17961954,
20799506,
19049743,
19530540,
20629985,
23938350,
23648616,
18328876,
20590318,
20492203,
23086181,
19948490,
18031946,
20146045,
24043393,
18683315,
20971033,
17160737,
18314459,
20074429,
18914622,
20615078,
20449228,
18460135,
18413522,
19353116,
18324314,
47521552,
18184742,
19043542,
18719191,
21122035,
20920643,
28634384,
21802215,
21281133,
27894247,
31998463,
26328589,
23323307,
23631217,
19867245,
19500379,
18312650,
24527581,
49123260,
18839114,
21396860,
20830011,
19705564,
17777060,
18770960,
17854263,
22226223,
17291979,
17570804,
17186200,
17461430,
19173721,
19952637,
20533265,
18464802,
17508690,
22030218,
20353518,
20081473,
17482268,
17390290,
20367212,
21035605,
20218737,
21906221,
18158613,
17802352,
18491818,
18021988,
18532896,
20577110,
18290581,
17805757,
40152221,
19740980,
18293937,
17732795,
19241392,
18114221,
18950274,
39408617,
19912407,
20622697,
17556519,
19636038,
20038366,
32174150,
18819383,
19544169,
18684016,
18624841,
20219217,
19169867,
18747284,
21205910,
70371404,
22421779,
23373915,
19884497,
21035563,
17672420,
19035162,
28856299,
21143506,
18886653,
19003052,
19525134,
18665743,
21530773,
21042804,
20610771,
21591486,
18241608,
19474195,
21759130,
21234029,
23883821,
24307956,
22951348,
20032002,
18303388,
19363460,
32480350,
21938544,
20733051,
18877787,
20320015,
17247742,
32556819,
20096196,
20131933,
18941156,
19947694,
19107581,
20254945,
34655987,
21548914,
26206185,
24741999,
38284490,
21981777,
19956450,
43471827,
22333814,
20262288,
18148792,
19207646,
21909429,
18181834,
21159925,
22994198,
17284534,
18831979,
17510158,
21000781,
22351092,
35955366,
20745090,
17743973,
19858779,
18666252,
19299204,
20259926,
25670077,
17581554,
18497708,
20632634,
18107412,
19924314,
19437864,
19328423,
35878601,
18691135,
19334331,
26186051,
18492376,
19971491,
19624559,
18653419,
18013729,
23998568,
21741417,
25681279,
44111582,
17761714,
18765646,
20042116,
22409900,
16897340,
18420929,
18908902,
17455514,
18330427,
34432805,
25584350,
30260765,
18308245,
17868685,
21211043,
32600548,
24166485,
19643553,
19628532,
19398963,
20349296,
26191788,
26861431,
20042299,
29460593,
27005710,
18948709,
19599673,
38814399,
19123400,
25683313,
21939366,
18379525,
25481871,
17440737,
17408713,
19008991,
20404493,
19925019,
19482251,
19332724,
20212708,
22988654,
22356641,
22231874,
22039275,
24935688,
36908976,
35020983,
28579079,
20700110,
18765395,
21790429,
20215796,
64295529,
19904416,
20383036,
23197502,
23589660,
18534765,
20616599,
16636791,
17045844,
18478050,
25538875,
20973547,
19406042,
19262338,
19753972,
20735412,
19102356,
16714628,
16797181,
17531143,
19275427,
17674524,
17852217,
20139160,
17783962,
18881482,
19465545,
20630264,
18009468,
18996353,
23379779,
24291230,
22164102,
26160949,
20212616,
19102143,
