59393800,
5258124,
4817309,
4304790,
4853739,
4306021,
3934772,
5462740,
3587348,
10875281,
3573461,
3265111,
3600681,
3953975,
3217874,
3293487,
3364749,
2880870,
3550715,
4000672,
4326628,
3336971,
3936815,
3717613,
6364367,
3791843,
3829863,
3377353,
3864332,
3192326,
3741951,
2765017,
2897576,
2493791,
2743783,
4007304,
5231479,
3821579,
9712780,
10350871,
14644885,
5350607,
6927217,
4789715,
4233378,
5529284,
6929314,
5273666,
5611971,
6225611,
6914487,
5452155,
6774975,
5304044,
4831622,
8951832,
10915902,
13282153,
6386675,
2330948,
3220539,
2990868,
2496179,
3387556,
5073024,
5352921,
5387362,
5800053,
4641443,
2212932,
2284529,
2003674,
2064321,
2532430,
4143061,
4032510,
5523806,
2420522,
2317173,
2228008,
2234415,
2239022,
2392974,
2888495,
2737544,
2380896,
2251742,
2424388,
2253126,
2058954,
2104753,
2178541,
2090771,
2808277,
3412493,
3407850,
2269446,
2039311,
2218347,
2342753,
2516114,
1984099,
2206558,
2370667,
2460053,
2122690,
2042600,
2476198,
2278394,
2152076,
2161049,
2691112,
2151718,
2355884,
2265225,
2098506,
2207547,
2976210,
3036325,
2534058,
3105662,
2378904,
3650165,
2412062,
2515858,
2540549,
2505785,
2545396,
2056716,
2001238,
1874805,
1934044,
1773544,
2930179,
2895216,
1731912,
1784313,
1751769,
2279448,
1702074,
2032940,
1932052,
1784515,
1795394,
1999697,
1835177,
2978402,
3189428,
3378987,
3444674,
3521367,
2692963,
2354995,
1997535,
1886685,
2156756,
3197738,
2416501,
2081745,
2069644,
2147405,
1902917,
1809370,
2511037,
1858187,
1808152,
2927516,
2816328,
2950896,
2987911,
3328901,
3071524,
3152594,
1886315,
1995946,
2243821,
2356061,
1809043,
2492638,
1863875,
2351948,
2900733,
2729789,
2455684,
3841969,
2919690,
3529537,
3405016,
3418620,
3829879,
3901648,
5159260,
3105147,
1886594,
1899911,
2768719,
1865749,
1945073,
1853794,
2493424,
3220890,
3922544,
2409869,
1909023,
2106880,
2831519,
2068092,
2564331,
2323210,
1982667,
1836365,
1921740,
2908947,
1890574,
2045551,
1834487,
2014479,
1837167,
1944078,
2208701,
1801128,
2228692,
1924333,
2868773,
1908175,
2569638,
2373302,
2495196,
3260082,
3564773,
2193339,
2091972,
2000123,
2285836,
2636229,
2410775,
2596935,
2454888,
2133045,
2300648,
2022935,
2087382,
2229684,
1812407,
1655205,
3155498,
2348534,
2033069,
5856365,
3491450,
2581217,
2163557,
2485393,
1893732,
2785204,
2778857,
1942099,
2415529,
1877342,
2252022,
2891746,
1915540,
2115039,
2110804,
2686476,
8121189,
2549219,
1849283,
1780582,
1750962,
1831442,
1977432,
2747908,
1826129,
7869305,
3414096,
2041816,
2654608,
2892135,
2320363,
2362608,
1988632,
1745811,
2250047,
1999012,
2245487,
1880334,
6846211,
7318151,
3152244,
1824733,
1770383,
2004001,
1944466,
2100442,
2065982,
2432879,
2315342,
1980623,
2199068,
2107463,
2250454,
2196209,
2283384,
2299705,
2343057,
2501224,
3309826,
2292976,
2415783,
2362704,
1801975,
1737092,
2015326,
1875792,
1887652,
2719277,
1687643,
2734270,
2075524,
1880625,
1804726,
4198811,
2143108,
2398389,
3409348,
2911480,
2884616,
2652151,
4051836,
2344736,
1895293,
8428300,
4552931,
2715657,
2017026,
8560906,
8826160,
9527593,
4424472,
3313580,
1824506,
1983959,
1882542,
6782146,
3399512,
3258854,
3579975,
1728804,
2651918,
1577102,
1568718,
1537396,
1451900,
1428564,
1491439,
1522765,
1526475,
1458369,
1448698,
2006384,
1865323,
1607540,
1585765,
1739323,
1866433,
1831774,
2561295,
3137792,
1580153,
1531989,
2511292,
2298113,
2436353,
1711786,
2392043,
2560192,
2627042,
1727561,
1675818,
1788139,
3034088,
3766366,
3049998,
1981750,
1616780,
1664657,
1756082,
1664253,
1713514,
6273704,
5442452,
2647003,
1850010,
1919903,
1893539,
2372168,
2483017,
6335468,
5823439,
6341840,
5542466,
1965490,
1979736,
1663533,
1903430,
7277284,
2709517,
2222805,
2217397,
1835693,
5563304,
2264169,
2376047,
2271634,
2150177,
3704962,
4018360,
1607526,
6434911,
6814857,
4893106,
1723615,
1687386,
6883732,
3331923,
2555629,
1608194,
1614369,
1726515,
1957590,
1765200,
3691550,
3142220,
3138829,
5083616,
3223785,
6296639,
6283699,
3940868,
4568541,
4047607,
2970259,
1950203,
1960742,
2787598,
1993218,
2279998,
1741347,
1773798,
1767534,
2006008,
1592510,
1673342,
1596681,
1619520,
1536532,
1567054,
2498257,
2426031,
1808091,
1594332,
2637470,
1612047,
1560524,
1789616,
1556189,
1893997,
1693937,
1817129,
1700344,
1663734,
2025465,
1689843,
1841630,
1709833,
1632501,
2304971,
1674729,
1678117,
1699491,
1632390,
2516159,
2173416,
1556894,
1557532,
1822215,
2222930,
2298623,
1793410,
1744219,
1918712,
6332214,
5378961,
2396768,
2343956,
7129638,
8516246,
2075372,
1906042,
2269803,
6627645,
7090898,
6622777,
2652963,
3323313,
2404277,
3360185,
2941601,
2126751,
9788218,
4368040,
2784855,
1738492,
1894683,
1789147,
1943911,
1841108,
1924042,
2526789,
3570150,
3572572,
4360416,
2472716,
6771660,
4167875,
2388892,
1757598,
1784907,
2401583,
2802883,
6816398,
2047880,
1915164,
2030311,
1816232,
1951628,
5945842,
2811190,
3308642,
1663607,
1641695,
2023792,
1552461,
2521428,
2400947,
1676032,
1613516,
1556647,
1500835,
1596406,
1519570,
2186425,
2559916,
2299113,
3521284,
2408402,
2839432,
1758076,
1716895,
1717762,
8698066,
6171091,
2231238,
1597803,
1694238,
1630883,
2558548,
1931793,
1950180,
1849960,
1739198,
1989562,
1681337,
2823535,
3966066,
3860345,
1939785,
1600094,
2181572,
6618680,
3358254,
1757993,
1920236,
1528641,
1918342,
2008253,
6705558,
6193881,
2200032,
2086575,
6761809,
6301556,
5953543,
6401276,
6703597,
3284233,
2726941,
2499139,
2719636,
