57540716,
3409448,
3082561,
4587135,
3198059,
3210682,
3253778,
2750243,
2768645,
2568466,
3008026,
4301460,
3620465,
4200438,
3995901,
4124870,
5046403,
3529770,
4649447,
4935292,
5608680,
4710860,
4272687,
5156668,
4397389,
10373884,
5160788,
4100766,
5408214,
3695491,
4378279,
6037104,
4883973,
5259067,
4432372,
3639743,
5500647,
3824842,
4137213,
4558767,
3381755,
5771318,
3229039,
2477458,
2529175,
2769261,
2326878,
2939064,
2368794,
2458723,
3662193,
2705223,
3204075,
3085072,
2446509,
2419790,
2641659,
3323286,
2018504,
8731479,
7043968,
8611639,
7253281,
7883891,
9852222,
3654575,
2981490,
1641722,
1510987,
2582419,
1827644,
1990915,
1623252,
1659273,
1511030,
1624786,
1623624,
2036689,
1537143,
1969847,
2071459,
2141535,
2250019,
2362746,
2238415,
3802597,
1794979,
1857937,
1905693,
2113381,
6040434,
7773411,
5975102,
6276777,
5195140,
8127662,
7686033,
4770928,
6878374,
5174785,
5039848,
5414528,
5263059,
6683029,
8086685,
5703620,
6196889,
5815987,
7273066,
7459514,
7264264,
5791316,
5199267,
2392941,
1560246,
2500047,
2958950,
5752933,
8225304,
5994462,
8842955,
8174548,
5217188,
2053934,
1490202,
2348470,
1604985,
2826809,
2031094,
3544339,
2508560,
3045965,
5226478,
5653459,
2085596,
2014766,
2210769,
4958633,
2241748,
2033906,
2060113,
2173323,
1430385,
1656395,
2095773,
2414266,
2131283,
1502069,
1468176,
1320514,
1529249,
5088705,
3592436,
3257995,
3970327,
3543456,
3502105,
2307631,
2196674,
2220250,
2011826,
6753916,
4964595,
2008952,
1466138,
1389860,
1393048,
1529862,
1683660,
2162321,
2010379,
2120141,
1452509,
1403598,
1427070,
1548426,
3767617,
2066009,
2038201,
2149794,
5406752,
4967041,
4901306,
2151534,
1598180,
1843097,
1363157,
1340988,
1276125,
3383544,
2650461,
4018762,
2292291,
1436397,
1389997,
4365833,
2820459,
1648794,
2380226,
1454998,
1569951,
1776805,
2153996,
1641755,
2110010,
4543741,
6866915,
1704542,
1715566,
1879081,
1747303,
2114385,
1788894,
4690646,
6817670,
4994026,
4568828,
5466696,
2909862,
1558641,
1576454,
1775698,
2383690,
6071028,
4462292,
16401437,
4636603,
2197145,
1901673,
1728600,
1824632,
1989779,
1805825,
1995805,
2940140,
3700076,
3322879,
3262944,
3682601,
3075711,
3306422,
3675885,
3133571,
3211373,
3199728,
1579406,
1627004,
1822423,
1734951,
1911755,
1854625,
1940883,
2207622,
2163844,
2431615,
1791862,
1645633,
1572766,
1388626,
1260269,
5457909,
5322045,
2936557,
3484818,
3077846,
3118906,
3837746,
2168264,
1982970,
1173413,
1181175,
1177611,
1570916,
2335652,
2656133,
2966053,
2714998,
4382424,
2851270,
2161044,
1274566,
1188872,
2071209,
1244292,
4272735,
1285838,
1333386,
1393107,
2152712,
3038201,
2760178,
3063875,
1543460,
1912175,
1477728,
1253682,
2364197,
3756685,
2095237,
1274489,
1332812,
1362012,
1250465,
1731652,
1654193,
1633239,
1801414,
3149842,
3217543,
2149934,
2101136,
1592417,
1314972,
1198335,
1604476,
1857781,
1757686,
1923493,
1894608,
2360707,
4586955,
1669477,
1648848,
1660698,
1808922,
1667844,
1432448,
1270932,
1157625,
1116992,
1231183,
1232850,
1366363,
1185430,
1152606,
1261688,
1697402,
5255199,
4299047,
4512550,
3341410,
1267837,
1386208,
1944769,
1632694,
1902382,
1709002,
1689241,
4420894,
2867426,
5915365,
4380490,
5040911,
2141671,
2182689,
4208686,
6454895,
1824725,
1697275,
1842924,
2201400,
1942853,
1912770,
1859877,
2980084,
5581480,
2334835,
2353420,
1461553,
1232685,
4004461,
3801560,
2411183,
1790402,
1344632,
1255625,
1498078,
1302673,
1223226,
1136453,
1250117,
1122648,
1134147,
1394790,
1281681,
1070721,
1147206,
1220294,
1983355,
2994403,
2869735,
1441121,
1384130,
4192196,
1963541,
2009911,
2255436,
2049359,
4155590,
2623856,
3204374,
1633591,
1368478,
1295546,
1445756,
1598556,
2464948,
3272506,
3081747,
3252367,
2954997,
3972048,
2895704,
5523018,
2667815,
1394459,
1219837,
1249301,
1366546,
4113301,
4302199,
4061129,
4444547,
3024517,
2130794,
4482998,
5145482,
1479081,
1323767,
1418841,
1672528,
1497336,
1784493,
1752146,
1488087,
1362533,
1205344,
1292605,
4205160,
4515155,
4882063,
2630484,
1688645,
2709026,
1509540,
1901509,
1853838,
3940024,
4321668,
1246959,
6339361,
1344566,
1323750,
1542955,
3134227,
3300814,
3832968,
1450036,
1663063,
1623964,
1808863,
2306677,
2597984,
3894119,
1105657,
2836667,
2608812,
4094596,
1688381,
1739952,
4259072,
5646043,
1511102,
4226899,
4270559,
2972903,
1775604,
1965808,
3538067,
1411629,
4427013,
1685427,
1187337,
1412801,
4875122,
4664757,
1445421,
1369178,
1448609,
2788884,
5326376,
2689821,
2430561,
2379661,
2566686,
2388920,
2377363,
1659232,
1600155,
1864955,
1079964,
1158544,
1375820,
1972621,
1332099,
1386493,
1643774,
1582970,
4320760,
2306742,
2097474,
6642069,
2073151,
1306119,
2481058,
2748130,
2153366,
3656244,
2693543,
3237902,
3440702,
4644042,
1769928,
2052053,
1923478,
1282052,
1235321,
1324259,
2208090,
3089185,
4017547,
4451756,
1775800,
1178284,
1155307,
1266532,
1749960,
4449950,
4359645,
4201424,
2744664,
2583261,
2671206,
2807220,
1173967,
1118875,
1241181,
1204260,
1229748,
1740146,
1276281,
1182867,
1134869,
974499,
966415,
3997983,
5969346,
2538136,
2529975,
2680618,
2582137,
2767692,
2843767,
2637425,
2681247,
2603973,
2667239,
2811953,
3616683,
4046357,
5428475,
3344069,
1710246,
2521275,
2952389,
4388287,
2826828,
2851562,
2942503,
4172977,
3919241,
2611201,
4000852,
3998038,
4385700,
4502176,
1784590,
4346903,
4072525,
4386094,
2100091,
2193252,
2039788,
4406316,
2724319,
4009087,
3106915,
4662599,
4136939,
2708742,
