396293825,
26913776,
23738065,
21720307,
21933166,
25038562,
24899758,
24736149,
23651224,
22395732,
25747301,
21573852,
24358313,
25554049,
19978532,
23549566,
23426326,
24717639,
25188415,
22281331,
20619045,
24712712,
22161654,
26123262,
34619968,
22706119,
24162589,
45865774,
48555271,
45797674,
53571107,
22222862,
49424682,
29065374,
26787731,
48309232,
20918045,
54251164,
20067121,
70616557,
93885624,
32951152,
51054279,
29973396,
23962321,
46949146,
21418911,
20662314,
49388976,
20391766,
22905808,
34480228,
22660926,
36659322,
20682515,
18703576,
18367809,
28181677,
18634387,
34650538,
51041692,
32125758,
34682021,
62288388,
29000476,
28047100,
29599659,
23091274,
50403429,
33556712,
114345099,
32507631,
46910131,
57928273,
30765994,
29445977,
37107308,
20490514,
23727607,
50371489,
19873156,
22879047,
52667246,
27695486,
54819854,
31690956,
22238184,
28459527,
19461885,
41193757,
20272170,
62827019,
18978062,
19376270,
20125348,
22957685,
53526265,
21253340,
19337223,
20578240,
21586203,
21010709,
21469647,
42410545,
36682622,
143252604,
66316324,
27000232,
48598878,
18778482,
20340260,
19979451,
18763828,
17783233,
19373513,
46613352,
24789445,
19107488,
19539221,
17794377,
44207985,
29555430,
27073037,
47428508,
32202989,
31046031,
43993427,
24709282,
20412404,
46788358,
96167007,
27690343,
90554891,
94843762,
85399468,
70438237,
22023601,
46254435,
21465437,
18064921,
20684940,
52932335,
73692560,
49960375,
71908574,
98252813,
77868469,
34333006,
67116134,
29878024,
96336664,
115025223,
36371712,
88782358,
26420322,
63397801,
36096827,
62077129,
64637546,
59389953,
54171702,
33173127,
29868976,
57488292,
60629782,
37990592,
54206005,
27116522,
61277278,
32215043,
62047162,
30096393,
88518104,
61683245,
18478922,
18169430,
44920766,
24780151,
29483338,
48915284,
24988639,
49481884,
19060248,
22933254,
51084861,
22810407,
21902242,
41068677,
25382494,
20282530,
46895383,
20372741,
20055059,
51164889,
23995352,
21380973,
43021152,
25456603,
26474843,
50380823,
21749573,
51443553,
20737464,
39554835,
43866428,
18579855,
28921790,
42973491,
28810830,
46305410,
19145690,
18202381,
58688574,
28794010,
55239130,
42077097,
48381979,
18272880,
17741494,
51395294,
18616264,
20179510,
49562563,
24577428,
18010672,
19886938,
18778154,
19056685,
26311143,
22821421,
22769319,
21799010,
21368746,
26620120,
18765982,
18666811,
19133837,
21091430,
20591030,
24154110,
35721999,
22868355,
31827033,
20745681,
19746628,
18391056,
27681617,
24723035,
25347087,
18620752,
18423778,
20214028,
34583245,
20061298,
24719716,
38690179,
23381998,
20346150,
38950851,
17719752,
19567916,
18762429,
123004947,
26040940,
24363697,
77872511,
56598258,
39649215,
50152141,
96278501,
22881050,
18360467,
40497036,
21631438,
21650046,
18745373,
19730287,
21448251,
18100173,
18042635,
66959144,
24495421,
54601250,
19725759,
18267838,
19477089,
18222422,
26448016,
27115200,
24036511,
21301421,
25082467,
35479103,
24854568,
19270666,
24731409,
25376037,
25623106,
21405859,
30016804,
31979385,
55930987,
39061705,
23217985,
36391368,
34373288,
19344301,
19026067,
18776583,
24407232,
20421926,
21598955,
24470807,
19517525,
19439524,
18547770,
17993852,
17707011,
23837024,
27123440,
23740952,
41613006,
20259481,
30496941,
26151805,
24087505,
17741225,
17707900,
16781555,
22263440,
18213308,
20037424,
19640733,
16873915,
62457798,
20135868,
18651992,
17864711,
18183667,
17165331,
19097331,
25618978,
19775847,
27593711,
18607995,
25701084,
18455239,
21235992,
20826741,
24586877,
19685837,
65202747,
18368599,
25619784,
20025430,
20007074,
23487139,
17642610,
21977822,
22252129,
23890827,
29653350,
19118241,
66524109,
17701967,
18130374,
18896260,
38428031,
23514222,
17253341,
23463971,
17461390,
19419255,
21791668,
23764300,
25602304,
23576562,
21078483,
21522888,
93090071,
20078716,
17966008,
18066389,
17264154,
19203648,
17944147,
17839294,
18290684,
17780723,
16123045,
18172411,
17238784,
17644054,
16687467,
18471898,
26016016,
27896414,
23029775,
21754684,
21156723,
20227049,
20545178,
19184094,
23034111,
17188821,
35211596,
22963874,
22966928,
30068618,
19564690,
17924104,
19961155,
19711697,
19538426,
18906590,
18837418,
19579493,
18849962,
19263163,
20692917,
21216366,
19024217,
18652405,
39363781,
22563611,
24994505,
20406009,
20315859,
18472020,
18840566,
37851202,
21250067,
18327135,
18939715,
20181160,
20000187,
21894699,
20973048,
52940522,
24282586,
20315937,
20566679,
30143204,
19089203,
21674978,
20220598,
19208774,
22862996,
18274984,
19057771,
20119836,
21263880,
19120933,
19305607,
21292315,
21634032,
21607984,
20155840,
21617065,
20607564,
18711389,
119543649,
23206619,
37089256,
19689367,
35620540,
21074516,
20152582,
18993098,
20266893,
17722625,
19216544,
17823178,
18092069,
16719355,
18150952,
18410651,
17552548,
19111965,
20837047,
20518959,
17962765,
19124342,
24734376,
23102001,
19140047,
24198746,
25065997,
26162568,
23812695,
20068513,
21277677,
18349413,
19139828,
19915639,
18997570,
17862094,
17397896,
20242545,
22559632,
21813681,
18164568,
18795794,
17656305,
22522098,
21717329,
22986498,
21808080,
20051801,
22281802,
22662120,
22513861,
17594735,
18520578,
29917817,
19865770,
26063351,
20483978,
26080465,
17360713,
19961946,
17436947,
17903559,
31076737,
20370279,
21985859,
24189322,
35158377,
19503332,
24694419,
17721609,
17987952,
22801085,
20050417,
20646320,
17373960,
16957059,
22767201,
28105112,
31717559,
26196363,
21369340,
18193248,
17900094,
20961053,
18807999,
16715085,
17203622,
17058555,
18789973,
18388130,
23967780,
23819416,
22134815,
30271994,
23677325,
33219282,
19324280,
20336601,
29865201,
23384472,
24092585,
24245315,
44339749,
17055938,
17951923,
20664748,
17871238,
24152948,
21030401,
19810298,
37248506,
33853714,
17552816,
20365601,
24161651,
19840281,
43998551,
57390104,
22728492,
61361458,
26340560,
41833475,
19616160,
16753050,
48610746,
18021178,
49721878,
21270960,
21740066,
105000130,
19922102,
17694702,
39949529,
22314119,
21144513,
52394833,
89156744,
50550285,
25662995,
