398861465,
30664505,
28808825,
31806394,
30016817,
28892114,
28971168,
32807979,
25863697,
33390050,
24503536,
27746469,
22319532,
27247460,
23297785,
24186238,
24087937,
42163107,
27883548,
26326358,
35995092,
30757381,
26239282,
25108680,
28508809,
29091605,
36797693,
33304990,
21075021,
23473285,
21519615,
21275705,
22865173,
21577671,
26726413,
25768378,
20286219,
24674111,
30351462,
22186043,
32037403,
24935666,
26899512,
26799117,
26011082,
24885969,
25697186,
23982836,
25055728,
27411901,
23025976,
21848018,
24556255,
31007263,
29657961,
32024826,
38704803,
30450236,
30475653,
29999074,
36700918,
25400068,
23903532,
21830367,
21886882,
22062897,
20634153,
22531133,
22389247,
31116522,
32894832,
51971437,
42785435,
41395113,
37636657,
32279658,
31370801,
26235419,
36315925,
20440836,
20457530,
20653271,
19473140,
21054349,
48678665,
24146972,
30639176,
22109195,
21242086,
28932902,
31448411,
20164794,
24099995,
19936155,
21241407,
36029326,
22702710,
19493804,
19678299,
19863655,
21102663,
28647447,
24522685,
21201063,
25581886,
21443381,
20742008,
19841420,
19633621,
19654577,
21787681,
41052373,
33905589,
31215040,
20888435,
20773635,
24923696,
23156405,
22141744,
20332158,
20015706,
20395110,
20124817,
29166554,
21976643,
26443431,
21624555,
22699299,
22755139,
21767133,
28060997,
32654264,
28589872,
28588483,
23465853,
26306974,
23246908,
19279903,
22332229,
20047689,
21587450,
21476425,
108677147,
20846489,
26291224,
28780020,
30137510,
20660401,
33412145,
21702190,
20096875,
20349990,
19006887,
21652669,
21505434,
21108954,
19746693,
20633509,
103467840,
28072376,
30827273,
24395763,
21824653,
28917946,
25137743,
24873233,
26004693,
36719826,
125288773,
21151786,
22647542,
22680979,
22556064,
19734231,
21525348,
19658989,
21527235,
24143214,
21702473,
23659385,
20165962,
27012749,
20466714,
22907886,
20359632,
20729421,
26637584,
25431395,
26799673,
25758476,
23398569,
24526551,
20818765,
21645039,
19868643,
20144451,
21171091,
20421762,
19930635,
20610740,
19649660,
19983814,
20576482,
20455277,
19896485,
18851054,
19266394,
20484836,
21477021,
21228325,
19428889,
20910226,
19681840,
21089854,
19435817,
20364649,
23556509,
28201817,
22853979,
25087660,
24090016,
23241067,
23490004,
24260484,
23559127,
19671904,
20126668,
19153024,
20919406,
21499597,
23284994,
20315315,
19414169,
21428623,
19971539,
22103737,
21004628,
20526537,
20476946,
20485254,
19688746,
21586841,
38104130,
29872441,
28524979,
27631631,
30758850,
29516272,
22820786,
20670134,
36963495,
33126383,
25139094,
33592238,
22439915,
23086211,
21184409,
21735666,
20550769,
20133956,
20783902,
21269151,
20698410,
19877981,
29796543,
23799717,
29230966,
23117267,
22910444,
60649276,
34838938,
20809510,
21123327,
21437450,
21595248,
41245384,
29381758,
43557988,
22002394,
26470703,
20037303,
19178636,
29029420,
19353400,
20641601,
25266356,
22995069,
21055842,
19281216,
23017605,
20262444,
29090694,
26805810,
26309313,
20610320,
23416178,
21070623,
21082530,
21554858,
25566315,
20394360,
19689051,
21922359,
24953178,
25428156,
25234602,
24961473,
26920098,
20822658,
20153796,
19194115,
22775204,
23198475,
18972681,
20611365,
19068464,
20152902,
22940637,
20604943,
21459685,
23660315,
22698702,
29282269,
22407831,
30914247,
29872213,
22809008,
21574670,
20950708,
23004996,
28611087,
26658436,
19590962,
20923724,
19500090,
20896539,
19247784,
19185827,
23879505,
25056650,
25307525,
24527628,
25700807,
27200646,
19357289,
22401199,
20662125,
20262338,
20659871,
19718589,
21098463,
23195920,
24008101,
21641488,
25578566,
18397534,
20618462,
19530786,
22950137,
33630159,
27181158,
24306432,
23297735,
30859012,
23583154,
19254171,
21836450,
22429833,
20771825,
20892038,
20687246,
22004985,
25096787,
21043963,
23700359,
43697363,
41904156,
29943366,
23605932,
25609011,
23108036,
27143680,
29205242,
26874233,
24426310,
47849805,
27914895,
21814042,
24985382,
42123257,
24418218,
48254180,
26853502,
27851644,
22670001,
19727460,
25481910,
24390590,
20498658,
47707484,
25362993,
25497946,
24759979,
21326142,
24960812,
53388621,
21664900,
36452139,
24584821,
30879100,
27312349,
25112383,
26492429,
21287373,
24623821,
32605845,
20264526,
21973668,
20540685,
24398928,
27056762,
26841818,
25482372,
24985453,
24480213,
28597907,
22361114,
29894701,
25773296,
24193132,
31307098,
22143926,
19923171,
19411613,
23876009,
20212355,
19673231,
27067480,
36463839,
29848244,
23967570,
26950564,
25932198,
27898511,
21858743,
20494736,
37313781,
23072485,
27822353,
23646169,
24001621,
20030511,
33107581,
26876406,
20948211,
20282077,
19947079,
22317706,
19024196,
20740116,
21350266,
24528725,
21865240,
22247210,
22289056,
21238280,
21171570,
19726721,
21679466,
26078513,
31766756,
18659731,
24883330,
24810408,
28869830,
20914258,
24483069,
36205866,
23448995,
20367592,
28779374,
21052927,
19502687,
19425013,
19832168,
20884336,
19527972,
21179681,
19888836,
21972881,
21207446,
21372269,
27408318,
23418259,
24335468,
21380561,
19848205,
22297264,
24189403,
22073884,
32440266,
23521778,
21801577,
19809471,
19936543,
20673081,
20105053,
26172003,
28925152,
23615105,
22275122,
21648451,
19646181,
21508878,
28989103,
24461722,
33695990,
21893426,
22541415,
22991552,
23067998,
20555052,
19804563,
30089752,
22870789,
20816799,
20139079,
22938035,
20436693,
21787188,
22470150,
21350048,
28662013,
21046920,
21785510,
23282152,
23286281,
21381945,
37323910,
19893789,
21400887,
24239611,
23905210,
21772874,
20565206,
29275136,
21340588,
31937188,
19666455,
20198163,
20379297,
20124401,
20426114,
20864085,
19419911,
20910525,
20979766,
20738940,
23853913,
22627459,
23198714,
23349263,
24648709,
33317327,
25031638,
19862788,
19094104,
20417957,
18087189,
19040105,
18678379,
19815302,
18806500,
21310224,
20111707,
20073981,
21143274,
25906259,
19444967,
21860630,
18647788,
19565607,
23442223,
21327629,
24396024,
22543798,
26884438,
22815534,
20792373,
19743100,
19433070,
19440933,
21767958,
20958941,
21724708,
21137464,
21166622,
22730921,
20117016,
18953650,
