54659342,
4597851,
5422435,
6722078,
5130843,
3783080,
3811365,
7628706,
4785652,
3149126,
4659475,
5385344,
6275401,
6076017,
8857266,
9190899,
6196882,
6817779,
7054550,
5702400,
5756733,
3809383,
3046785,
2804705,
2774000,
2975333,
3427000,
2819204,
2923054,
3026353,
2973069,
3842149,
2789717,
5375603,
5762062,
5890509,
5814711,
4546350,
4425700,
4932081,
4885658,
4171321,
3737297,
2683549,
11475180,
8391061,
7159778,
11033215,
9886239,
9677052,
9322973,
3948060,
3257109,
3112474,
4143183,
2648356,
3067047,
2912917,
3019066,
4237776,
10726617,
11649192,
10780949,
12820075,
11307100,
3061758,
2155468,
3333403,
3068921,
2107488,
2023272,
2480207,
2468759,
2631798,
2678747,
2322710,
2480895,
2217141,
2284855,
2365830,
2399891,
2653481,
2408873,
2364549,
2166721,
3548850,
2372212,
2242719,
3227282,
2064303,
2032720,
2324459,
2165620,
3097577,
2804858,
2284261,
2322727,
2386341,
2251223,
2318151,
3388843,
3674177,
2722517,
2551564,
2903586,
2430287,
8031813,
2847183,
2263500,
2620683,
3055571,
3759031,
3370478,
3640116,
3677862,
2409540,
9465103,
7942905,
8544421,
5464051,
3320211,
3655052,
3543555,
2637693,
3533970,
3894617,
2294547,
2490731,
2224283,
2562244,
2118707,
2320050,
6005895,
4685319,
2948605,
3091303,
1850813,
2041005,
2106530,
2127115,
2095122,
2196021,
2774608,
2556144,
3097020,
3346947,
3007409,
2666647,
1913873,
2025914,
6767237,
6679163,
2501318,
1932550,
7351660,
1995401,
1863980,
4706659,
3401536,
6513115,
4329060,
2501097,
2605866,
2829593,
3373514,
2242858,
4191236,
1893401,
2150021,
2369207,
1744288,
2042288,
1885356,
2777642,
1985907,
2051056,
2875508,
1745537,
2317216,
1623214,
6202059,
2949132,
2663594,
2083996,
2047532,
2135028,
2116723,
2792925,
2678092,
2830172,
2928165,
3006878,
2760719,
2610003,
2738986,
1804249,
1829969,
2751153,
2743916,
2681209,
2527374,
2132973,
1682464,
1749727,
2036226,
1780694,
2030141,
2120030,
3304672,
6830334,
4495761,
2931480,
1946898,
1763896,
1719086,
1736050,
1694500,
2759928,
2015534,
1646708,
2739712,
1744265,
1790576,
1771928,
2114978,
1898578,
2186209,
2628740,
2625693,
2856244,
1880121,
2008826,
2539266,
2681125,
2972686,
2737961,
3030118,
4814003,
3388918,
2253062,
2485698,
2639157,
2471702,
1682715,
2044814,
2835732,
1684703,
1761877,
1781467,
1890054,
6241185,
5669319,
4553724,
3034641,
2542623,
2237697,
1780631,
1674975,
2126400,
2022676,
1830756,
2183197,
7300820,
6831192,
3369460,
2426055,
1909077,
1667968,
1945711,
1891301,
1829000,
5866631,
5667446,
2318177,
2385425,
2358416,
3187280,
7562173,
2565809,
2485780,
2435851,
2657278,
3150996,
2446195,
2540873,
1687663,
1597663,
1670430,
1676527,
6992296,
4442262,
4565298,
4399749,
2878451,
1853618,
1918871,
1716280,
1924563,
1724163,
2222073,
1896395,
2075070,
2543754,
2198655,
2199727,
2190696,
2053198,
3341979,
3489663,
3640000,
3595959,
2698107,
2306359,
2205876,
9640490,
8796049,
2139827,
1847582,
2760010,
2795828,
2272627,
2031571,
6557058,
6326106,
7832497,
1923097,
1758977,
1751221,
1640211,
1610493,
1683346,
1866795,
2965473,
2765733,
3398454,
5647611,
2414162,
1664392,
1904440,
1895545,
2632816,
2321419,
6840869,
6620267,
5862273,
1991857,
2267897,
2564056,
3394491,
3488824,
3511881,
3391961,
3461786,
7109100,
3639523,
1960531,
2104700,
9913567,
8190838,
3456135,
3891240,
3336843,
6717036,
2732673,
1894114,
2221306,
2388989,
2517233,
4570108,
5255840,
4735311,
2447603,
8332338,
2787758,
1924072,
1798017,
2396289,
3126363,
2842533,
3330065,
5081827,
7156645,
1829968,
2399405,
2862651,
2187606,
2262459,
9081703,
6256650,
4246582,
2399255,
6046186,
6321280,
2019119,
1740297,
1749223,
1833206,
6596721,
7386412,
4612654,
4738878,
4106819,
5759142,
5585547,
3953737,
3016414,
2273803,
2195614,
9797932,
1903711,
5859274,
6217618,
6027664,
2079857,
6323379,
6151737,
6102392,
4585581,
3456759,
3104166,
5785672,
3638990,
3587923,
2800334,
2748343,
3588613,
8529133,
2249707,
2353803,
2183822,
2108961,
3865184,
2335966,
2267462,
2947981,
2200044,
2127591,
1781938,
2015933,
2649136,
2183585,
1872155,
1684107,
1881728,
6143714,
5034399,
2041953,
1724822,
2810464,
2146766,
2292161,
1971622,
2454526,
2286839,
2502662,
1839944,
2129623,
1634282,
1569339,
1611491,
1910014,
2180288,
3654842,
3048227,
6978226,
3253952,
3199346,
3651374,
3665575,
2859924,
2202585,
1824225,
2004405,
1911065,
1733225,
1929632,
2494728,
6332823,
3278407,
3293957,
2362781,
2378001,
2797070,
6952450,
2750237,
2595126,
2678517,
2874434,
3874634,
2973225,
2864051,
2762716,
2834473,
4115004,
3479383,
2707164,
2694023,
8194706,
2860633,
3882934,
3808058,
2751853,
2746464,
4759165,
4530807,
4261291,
2112143,
1648551,
2079461,
2247055,
6170287,
4282643,
2923770,
7030868,
3326741,
4638743,
1910458,
1976281,
2128398,
2123393,
1948554,
1841500,
2006152,
1795189,
3923573,
3078538,
5865202,
5427041,
5929495,
5992991,
6075227,
6221497,
2514531,
2360849,
2078930,
1614696,
1862473,
1675305,
1702086,
1805660,
1735718,
3109448,
2750679,
8073545,
2069478,
1577122,
1533502,
1778761,
1556026,
1698223,
2849228,
6595405,
2965331,
2105022,
2097516,
2048660,
1544839,
1539337,
3678537,
4561562,
2780474,
2147624,
1598575,
1793781,
1798983,
1929685,
4565267,
4206764,
4322306,
4466447,
4474236,
3997386,
3329162,
1906862,
1597516,
1912066,
2153509,
1800545,
1604025,
1698823,
2322469,
6146173,
6692880,
6322205,
3769277,
1775329,
1703350,
1966599,
3386967,
4721548,
6605473,
8562949,
3793040,
3924418,
3870563,
4091445,
3880936,
5917419,
6450594,
5979501,
