373763865,
33938354,
32659692,
28061844,
26421579,
29137385,
24848233,
24762983,
22052879,
26207672,
22804036,
22210033,
21122322,
24060200,
25067149,
26284134,
23814831,
19856470,
23519237,
21845488,
23864780,
22500410,
34391848,
28814753,
25904208,
33684051,
37295311,
36226341,
32719080,
32238416,
33210226,
30899410,
25062524,
30391346,
33841628,
29323831,
26229107,
26802649,
30715397,
23747122,
24317532,
22433125,
20764905,
22887012,
25390568,
21063327,
21107212,
20849497,
23774891,
24456232,
23558299,
25135548,
22309500,
31174403,
33923289,
37502444,
27282420,
21952584,
21165105,
25209370,
22939246,
24202744,
25942580,
29319806,
23151020,
23935573,
24149888,
24367717,
23005610,
29033605,
25973088,
34613702,
32363269,
31825404,
52860082,
33070824,
26983209,
19397587,
22179044,
21443585,
20336011,
18399212,
19066938,
23658020,
22739251,
23779765,
24640720,
19097113,
21190691,
21060578,
24347164,
19197220,
20097455,
18740452,
21770940,
21287626,
22703846,
34859635,
30537379,
28186216,
28506281,
31273491,
33143180,
21837454,
22250939,
20825403,
22058124,
27271003,
24139679,
20738335,
18450270,
18800874,
20469789,
17613815,
19726578,
22943849,
18847220,
20946832,
20782533,
20335678,
18160130,
24791466,
20300721,
21465196,
18737484,
18210003,
27132262,
18801493,
18497670,
17699975,
18352174,
21037042,
21602533,
18390609,
17122335,
25788068,
20291253,
24702621,
20180747,
19534663,
18326630,
23386418,
17935520,
26557170,
22239510,
19257266,
21816797,
46237858,
18262499,
18294065,
21384189,
17854939,
17585949,
17091678,
19628538,
36198222,
23469350,
40677962,
18021281,
20880610,
19136249,
25404867,
25532900,
23165927,
18441606,
19583465,
19991398,
27402724,
19210650,
18751431,
21516237,
18632226,
17565908,
18358118,
17881629,
26482737,
21687279,
21501052,
22589024,
23512057,
26143541,
19782237,
22079728,
24026343,
21237920,
21928265,
21826240,
25164278,
27171228,
19968508,
20608069,
18952641,
18813729,
16972752,
17967898,
20247697,
20228058,
20084084,
18951348,
25707427,
26560904,
18711227,
21746686,
19458144,
18222028,
19402617,
22527855,
18754072,
19835542,
17292589,
18113994,
18572109,
17680997,
23912367,
18141984,
20891425,
23198854,
20119263,
20372115,
21680325,
20547834,
22442298,
89869946,
25020623,
20132638,
27260012,
26341881,
23552399,
23323855,
22069599,
24187155,
48840296,
22348447,
40183073,
33121209,
20691998,
22215357,
20242241,
30283444,
23578720,
27753822,
22280621,
23467393,
18341064,
25083674,
21864414,
25895613,
27425311,
26901433,
25117268,
26392387,
28118884,
30692043,
27812169,
30016817,
33875727,
26268375,
48034729,
26576768,
20534878,
19158963,
19234614,
26030458,
22739735,
20714609,
18691296,
19363747,
20957572,
22597548,
19165460,
18880359,
36402099,
21891545,
134944563,
28374521,
28715292,
20230192,
21743545,
19444102,
21495153,
36931352,
24132740,
25298155,
21595992,
20852734,
92771361,
21702517,
21887384,
17526910,
22048423,
18635624,
24595047,
41430086,
21028232,
20655998,
24935001,
20861062,
17640254,
17875494,
21632340,
20025505,
18247184,
20443525,
17765269,
17335064,
21662128,
20421538,
24916565,
18952957,
18949589,
21056964,
19966420,
17184208,
22672033,
24469873,
20175306,
18153865,
21701593,
17746920,
19900512,
19225823,
20462994,
18817993,
24278016,
18318063,
18037291,
18463093,
19600602,
24736692,
21082857,
26954435,
20288876,
24072474,
24757018,
20633313,
16903582,
20904553,
17702585,
18560387,
19733930,
17865269,
19713031,
21387595,
18015344,
17964637,
22396300,
24736343,
20842375,
17354237,
23973291,
22047811,
17696686,
18913434,
19249376,
22807926,
20755706,
19935614,
20671632,
18499966,
19518268,
18214616,
18515156,
24982060,
19176225,
20980196,
19109974,
18244353,
21544599,
19032148,
23502628,
20536888,
17756020,
21491430,
17690554,
18748611,
20532854,
18346574,
19460051,
23790764,
21263305,
18214632,
18149677,
18066036,
21323753,
21386606,
25014923,
20337754,
22644953,
22763892,
26056086,
21723496,
21450503,
22698820,
23830529,
21188941,
20370356,
33088433,
21671050,
19876837,
53279680,
32537491,
21258648,
33111364,
22222840,
24237168,
48321027,
19640897,
45898950,
17913932,
19350184,
24154135,
26563852,
29014057,
21316325,
20599467,
24287206,
23149857,
24082674,
29106482,
24125886,
22030596,
31431601,
23245712,
22636844,
26485538,
25069793,
26691062,
23352998,
26767561,
23120455,
28344677,
19184179,
20372154,
20419174,
20859794,
19637980,
20243522,
17661284,
24796092,
20682091,
18511539,
19080129,
17256494,
19701729,
19759250,
18504488,
17775977,
19596508,
18588217,
19497203,
24769764,
21552563,
18133364,
17818641,
21475299,
17696541,
19851970,
29033145,
21955926,
19887894,
24520860,
27360614,
19228870,
31283244,
19280233,
24216545,
19564195,
21617625,
20151226,
20677807,
18086299,
18563984,
20839817,
19335836,
26101312,
23384365,
22223174,
17994034,
18693977,
27480904,
21241161,
19811737,
20355233,
23271214,
18426782,
18134205,
23862794,
23629891,
25847358,
19606454,
16753811,
17063824,
31142784,
19074184,
17695998,
19163515,
28003091,
17485408,
19337461,
26640694,
29676750,
27174973,
17725697,
17890682,
16949527,
43985081,
24383796,
25570311,
20057196,
31446896,
17513067,
27100228,
25472091,
22333119,
19757194,
20323609,
66893044,
20722569,
24603050,
22883559,
26037132,
20831393,
21212568,
20346884,
21251495,
27970932,
28318874,
24270182,
22066119,
30393270,
19496692,
20138642,
19918693,
20157359,
18738435,
18279609,
18436092,
25929246,
21016040,
18506616,
22662922,
18275934,
22514283,
23702061,
20475993,
16785660,
21393670,
29486679,
18749977,
18051346,
24661680,
24678065,
16834357,
17990945,
17077194,
18680012,
20224590,
21302048,
19539261,
19846572,
23891832,
20832928,
16767652,
18386312,
20038521,
20651323,
30988188,
18558685,
17199890,
19943063,
18505718,
50298779,
30635650,
17472540,
36307786,
17781606,
17758959,
17586477,
48574968,
19675005,
18725450,
19914823,
43898295,
18193648,
20906018,
32014264,
45569231,
19751843,
19674338,
47246610,
21893881,
18490587,
22462519,
45812119,
36518411,
20394502,
48509625,
31884425,
21264469,
21499359,
