68143041,
4716287,
3287267,
3837005,
4558399,
2968418,
3098236,
4326989,
3055291,
2462622,
3237355,
2431987,
3765029,
3173456,
2999273,
5483394,
5844523,
6451698,
7760973,
8282962,
5366143,
7019109,
7179519,
6827934,
7679765,
7901782,
5595944,
6738491,
5631761,
7971063,
3104138,
3197848,
3176721,
3525366,
3934504,
4428270,
3401825,
3490734,
3745001,
5223889,
3190290,
4288684,
10264113,
8538389,
6579052,
3815240,
3288895,
3780542,
4730302,
4302005,
3537515,
3516806,
4287644,
3147828,
3787789,
3594748,
4889529,
8467567,
7954655,
9790487,
8184328,
6900599,
2233734,
1869194,
1648873,
1597493,
1859664,
1806967,
1681287,
3171692,
2387948,
2241819,
1967254,
2883489,
1897319,
2599154,
1903009,
1813262,
2183155,
2382216,
7762717,
7918918,
8097953,
7055561,
13844371,
4103688,
2855266,
3140186,
4603733,
4291282,
1965845,
1739155,
1937189,
1953428,
1684461,
2197694,
1994182,
1578363,
1524255,
2066213,
1605063,
2632807,
2186332,
1955156,
1613134,
2374188,
2103235,
1712807,
2396481,
2507022,
1788419,
1554246,
1787748,
1962430,
1729366,
1728547,
1997917,
1893319,
2259219,
1537147,
2085362,
2646405,
2354655,
2081567,
2367245,
2466981,
2384540,
2016140,
1791236,
1409629,
1489651,
2130578,
1975303,
1590205,
1764019,
1480308,
1607851,
1497830,
5372899,
3608845,
2125000,
1923876,
1534308,
4050663,
1949401,
1567073,
1387482,
1448593,
1552982,
1549121,
1504868,
1382899,
1529820,
2397526,
3903669,
3020673,
3274057,
3991578,
4607883,
3536276,
4290748,
1906629,
1573758,
1681345,
1507636,
1400254,
1322274,
2313949,
1762389,
1780278,
5567842,
6527494,
1889468,
1345553,
1265884,
1311717,
1285597,
1539652,
1409749,
1409509,
1373288,
1429536,
1827606,
1668081,
1740632,
2529933,
2040643,
2127378,
2001589,
1840441,
2337770,
2432356,
6113490,
1618022,
1286153,
1350672,
5422567,
6346305,
4730884,
2861300,
3178041,
3156020,
3702820,
3470608,
2954353,
4230223,
3113212,
3528269,
3020367,
3019162,
2898737,
2452495,
1870301,
1916152,
5401735,
5172702,
5054218,
6114288,
6577197,
5285793,
5632459,
6493614,
2857790,
2835885,
3447888,
2406615,
2289223,
2663498,
2113955,
2335531,
2313476,
2308184,
2217218,
2390993,
2939383,
2676955,
2297482,
2271223,
3215832,
2137788,
1622100,
2095883,
1792502,
1452516,
1915221,
5250303,
2328939,
1530081,
1506232,
1865368,
1836702,
2020972,
1313680,
1890357,
2004011,
1572778,
1942859,
1365440,
4398231,
2385263,
1376139,
1470575,
2065411,
5264051,
2594700,
1273957,
1527745,
1760196,
1928850,
1326687,
1387476,
1342388,
1512496,
1837638,
1536484,
1768699,
1790799,
1579560,
1457435,
1478936,
1508132,
1552566,
2000382,
1392551,
1317363,
1382690,
1976079,
1377794,
1677831,
1615758,
1503139,
1886825,
1361949,
1400804,
1328835,
1364584,
1630894,
1546093,
1870088,
2208825,
1657154,
1641581,
1451879,
1644560,
1909044,
1729896,
1596068,
1703029,
1629137,
1597213,
4667372,
2404779,
1534109,
1359181,
1380365,
1568196,
1624021,
2876566,
2085572,
1781857,
1687283,
1517569,
1742678,
1763582,
4352661,
2491771,
2358823,
1752186,
1407526,
1486819,
1404030,
1374226,
1932737,
1862890,
1929303,
1896871,
1510026,
1507022,
1374605,
2291033,
1463963,
1279182,
1815420,
1336206,
4627500,
3337258,
2861549,
2841423,
3885978,
2991866,
6263990,
3020950,
3149711,
3474884,
3655932,
3175565,
2982408,
3636098,
3080574,
2878955,
3697628,
3330728,
3499328,
2197506,
1538401,
5021682,
4401681,
2540927,
1873966,
4908203,
4500497,
4285230,
5393248,
4908566,
4647972,
4540772,
5485724,
5418291,
4937642,
5596799,
5350077,
5196449,
3485512,
3523979,
2979849,
1220285,
2281731,
1173540,
1630899,
1742726,
1668600,
1207726,
1179531,
1173552,
1445272,
1364105,
1285730,
1207841,
1301474,
4825649,
3141487,
1761751,
1821515,
1908391,
1871865,
2154600,
2575646,
2430634,
2450959,
3060883,
2593754,
1238400,
1833921,
1844307,
2098450,
1833770,
2690218,
1899417,
2056661,
1916517,
2698996,
5720446,
4407221,
6321929,
1513972,
1982544,
1392117,
1922561,
1416470,
1700025,
1453340,
1454948,
4355718,
5153795,
1458130,
1217392,
1188507,
1181374,
1134091,
1169488,
1242132,
1184386,
1208598,
1129622,
1703730,
6119655,
5605293,
1643349,
1425395,
1208735,
4511597,
3355869,
1766359,
1426960,
2101994,
1998033,
6306632,
3931231,
2243194,
2127512,
2043454,
3093098,
3300433,
3155287,
3347912,
3443967,
3468530,
2695277,
1380267,
1485427,
4269201,
4535464,
1298752,
1169952,
1266335,
1597253,
2245748,
2485324,
3245619,
1301117,
1318505,
1479535,
1405024,
1349659,
2057624,
4229732,
4729160,
2664450,
2175262,
1886633,
1913957,
1624032,
5174983,
2904985,
1131714,
1245180,
1369054,
2785793,
2488665,
2399343,
2644930,
1599253,
1313421,
1488638,
1396167,
1665842,
1314779,
2167951,
1999996,
1794816,
2086147,
1327777,
1719693,
1207530,
1397623,
1367967,
1313875,
1590030,
2466892,
2077577,
2008286,
2040852,
2189974,
2189834,
3309829,
1289174,
1768797,
1865572,
1977166,
2098138,
2028866,
1999021,
1999047,
2271666,
2254352,
2557945,
1529177,
1508650,
1759868,
2935976,
4116862,
2768899,
4084737,
4166614,
4023878,
4210723,
2721821,
2667932,
2286771,
1561862,
1098532,
1095545,
1485323,
1315783,
1828718,
1261200,
1320028,
3974731,
3968964,
3971532,
1895825,
1814275,
2054153,
2960985,
4024470,
3948649,
2114260,
2520472,
1071637,
1175496,
1205594,
1358266,
1240703,
1711980,
4221571,
5330250,
4155937,
3719150,
3725411,
3711595,
4427741,
2736238,
3080505,
2858757,
3533938,
2846576,
1211371,
1770042,
1292736,
1673147,
1127114,
1144310,
1289038,
1276549,
1248283,
1346997,
1296467,
1614755,
1158060,
1125534,
