373985440,
26398393,
26663096,
34858970,
25845295,
24083029,
26160678,
28271914,
23175133,
26661298,
25636854,
25788077,
26661390,
31911695,
25711746,
25572454,
24881201,
23308040,
21839615,
21666395,
65801017,
21992280,
24278065,
23684686,
25214574,
24251905,
28243144,
24281533,
22834663,
25475303,
22459747,
29513310,
22578286,
24065439,
22283609,
23429248,
21097166,
22820792,
24379233,
21308515,
22495727,
21518730,
21474515,
22133901,
21082415,
25646981,
22408638,
22559106,
82726293,
21090854,
20725834,
23015458,
20327229,
20289708,
20320735,
21025763,
21748386,
20939740,
20830763,
22306344,
27816443,
28016688,
30666102,
23696073,
21036547,
23398781,
19667553,
21371580,
31680341,
21388836,
20771767,
21213135,
19888184,
20501973,
26751461,
22366024,
21031012,
21920099,
22626694,
21873542,
32318993,
20413111,
25900255,
20746381,
20320140,
21018738,
22354262,
22309972,
23276865,
21237366,
20155161,
21276243,
43057694,
21603929,
22094450,
27625279,
22423958,
23555879,
23027031,
32926705,
23814449,
20680271,
20498565,
24237194,
20904458,
24298121,
21092142,
21503127,
26803081,
23723653,
42113493,
24629460,
22310975,
21757112,
22539755,
34052031,
39615955,
21319993,
23929200,
21315328,
24055554,
70312124,
26282572,
22388064,
26473529,
21059470,
20423702,
21720811,
23476445,
19534871,
20397888,
20527221,
23710584,
23710778,
24251838,
25925918,
32032045,
20286608,
46464622,
23199876,
28865111,
20521490,
19795543,
21245153,
21958804,
36239289,
20879402,
20763505,
21246983,
20061299,
20896326,
20502262,
20782025,
23635182,
24515700,
21537062,
27778654,
23144641,
39599147,
24176596,
26658686,
20174034,
22801142,
20831965,
22975031,
21611772,
23138987,
21535478,
21702912,
22918566,
26444049,
27228880,
58682161,
21405857,
20488736,
19320758,
20247087,
20863056,
20165272,
19487018,
20496651,
23521815,
21061396,
22190027,
20120181,
49744992,
22688097,
21337586,
19740666,
23600496,
20696733,
29879518,
30708077,
30829893,
27705589,
22701795,
20116746,
71752452,
19733918,
21685529,
28891309,
19992858,
18689105,
21807810,
23344609,
20652425,
34552134,
57595722,
19299103,
19686053,
21603273,
71699837,
21905863,
31387838,
20976404,
21706501,
24962589,
19309949,
22956252,
20177666,
19083580,
20979645,
20486510,
21136559,
19538776,
19470800,
20129672,
19055137,
21214288,
21600123,
21457105,
22052953,
18653702,
19086692,
20051135,
20278665,
20363039,
19255861,
72421500,
21460023,
28641089,
20148754,
35372277,
26614811,
20835688,
20715933,
19713755,
21023311,
20071863,
20123508,
19677442,
20523724,
20935652,
20690540,
22107206,
23252209,
20328080,
19527763,
19283463,
20875326,
21016592,
21051744,
20567348,
20280805,
21238768,
23029922,
19887482,
20128108,
21584784,
27160106,
24837610,
20598298,
19562658,
21134490,
20752638,
19571375,
23695834,
19613379,
19966278,
19957688,
20528490,
22397371,
21277576,
23521875,
21493761,
21605251,
23293131,
20847108,
23480971,
23348469,
23939413,
24284548,
23743807,
19000883,
20005378,
20348413,
20573664,
19381699,
21721473,
20184037,
26801050,
25227029,
22346350,
21002297,
39185355,
20686272,
21902181,
24559989,
21677859,
31059923,
21497065,
23231543,
26454455,
25920429,
21112362,
116470948,
24406726,
21211510,
21155965,
22143494,
19093037,
21011596,
21973187,
22965341,
20452646,
21934396,
23571683,
20972696,
66225547,
21054095,
18558516,
42109844,
19812738,
22241640,
22046354,
22074987,
19884457,
24023865,
24281287,
22105317,
22124471,
20049983,
21943032,
21094764,
21257415,
26363582,
25952372,
24275194,
25598745,
25375153,
21415695,
19660933,
25416883,
19721709,
20886648,
19440929,
21327133,
26618370,
36341656,
21056077,
21892013,
22061801,
25318536,
23407855,
58563246,
20644495,
19090630,
19637448,
19397088,
22245788,
41995589,
23207623,
20470440,
22191625,
21444057,
19623152,
25075127,
21502854,
22603006,
22176150,
23934403,
21249399,
20668395,
21647163,
20428315,
27451559,
23887296,
20862029,
25824588,
22673288,
19010542,
19383969,
19246238,
20514716,
22399938,
19520105,
18934966,
18833413,
20799058,
20503144,
20146321,
26090713,
21694034,
21119959,
39349503,
20682810,
31887925,
20227017,
19007067,
19437148,
24478375,
21090198,
21606178,
19947232,
28162048,
19924647,
19279871,
18949908,
20921919,
20502153,
20698274,
19448265,
21231746,
20482107,
19292493,
42097980,
19975166,
20229318,
21484069,
21483451,
20355905,
30036348,
29048740,
28667240,
20312600,
22438896,
20962536,
23717849,
19704592,
20949550,
20448617,
21661140,
23562518,
23599746,
22676294,
29550055,
21856022,
19228501,
19836934,
18841408,
18963146,
22268776,
36141370,
21520415,
21758501,
21170016,
22345802,
28776114,
19657538,
20364157,
20928290,
29173100,
26824097,
41518640,
21728336,
19992043,
19451937,
19410262,
20935753,
19232915,
25944670,
20449595,
25066455,
20619625,
19420585,
45062020,
19876305,
19781148,
20270981,
19171884,
21516619,
20363957,
20797278,
21082807,
21831130,
20354202,
29714967,
26048418,
20692581,
20489530,
20103823,
21807447,
31877027,
26960847,
20477840,
19979582,
69732032,
26086229,
34296348,
22313224,
21325866,
21024967,
29576137,
22583290,
20264783,
19937934,
20625608,
22785522,
35096228,
20794953,
23145310,
21577191,
20853314,
23808472,
24775877,
46432550,
26815878,
20403540,
19771050,
18620777,
18355888,
20401207,
19669671,
20273910,
19785335,
25511417,
24420366,
21470130,
24338065,
20231115,
21485640,
21656153,
21398647,
19856888,
19763589,
20624234,
22639802,
21549018,
21071244,
18391293,
24192248,
34239746,
24731537,
21188588,
21788384,
20089389,
25007548,
22450356,
24470080,
19043006,
24306865,
29651706,
20274145,
18841939,
20459277,
26155064,
19317763,
19296642,
19995413,
50833665,
21105144,
19446256,
19898450,
43199340,
20076353,
19541138,
22736355,
25822438,
24752473,
23520591,
22519611,
20714291,
19102256,
22751953,
20502877,
21973929,
19296093,
18615962,
20284646,
22402444,
20933436,
45160898,
20092495,
21022276,
19613527,
43752482,
19103670,
19747502,
19149400,
20032088,
18964730,
29368989,
20392261,
24547740,
20182073,
22633655,
20072452,
26211154,
20719497,
21635274,
