59911141,
4199117,
3831347,
5504831,
4816949,
5669062,
6400416,
6791932,
6005405,
6414501,
4830235,
4250877,
4281468,
3694655,
4395297,
3562200,
4240887,
7100844,
7364094,
4143595,
2854989,
3313189,
5069613,
2959931,
4272657,
5078126,
3910099,
2961300,
3551911,
2881441,
3176714,
4036247,
2894256,
2835368,
3064589,
2722175,
2951230,
2801328,
3250297,
2502005,
2886140,
2845296,
2557685,
2321905,
2694600,
2510135,
2400578,
2142161,
2126495,
2455250,
2188432,
2153656,
2590076,
2454916,
15255694,
5148667,
4622651,
3033487,
3006283,
2255040,
2356595,
2339961,
2167780,
2989967,
2008398,
2073750,
2403793,
2407325,
2572938,
2247387,
3063379,
2862428,
2695817,
3892957,
2523867,
3272923,
2296340,
2105349,
2354341,
2288537,
2357281,
2978691,
2205191,
2282315,
2610374,
2648810,
2709018,
2485009,
2862736,
2636035,
3042789,
3724654,
3021870,
2845415,
2314201,
2212095,
2209474,
2282830,
2217656,
3640042,
2511299,
2600253,
2437232,
2754780,
3757200,
2300051,
2594610,
2712714,
2138240,
2517018,
2308463,
3117701,
3014443,
2342558,
2321843,
2895201,
2051209,
8600731,
2956084,
2395945,
2064938,
2875040,
3128451,
2313309,
2032393,
2714269,
3415592,
4348482,
2541644,
2322076,
2828435,
2285404,
7042812,
3604388,
2716959,
3372220,
2068064,
2822366,
4088914,
2123466,
1904482,
2002206,
1944441,
2253219,
2776171,
2713156,
1992563,
1992058,
7278289,
4350869,
4455804,
4808443,
3499507,
2018602,
2314780,
3260960,
2167203,
2145092,
5309609,
3555835,
2698862,
2270280,
2241713,
2322943,
2268228,
1980605,
2100248,
1776763,
1616083,
1623048,
1768435,
1995202,
2222359,
2212922,
1937847,
1932789,
1840818,
1816218,
2946581,
5563041,
2705308,
1983351,
1830487,
8238608,
10596102,
9634834,
3917439,
3872852,
1850519,
2316061,
1827173,
1985145,
2097976,
2751986,
1933655,
1774637,
2931841,
1709079,
1921790,
1975803,
2103241,
1833018,
1859337,
1922847,
1792444,
1927917,
1908310,
1679316,
2498500,
1658773,
1822830,
2891005,
1941676,
2911848,
1798979,
1791056,
1799087,
2231051,
2070034,
1897459,
1918718,
2088351,
2795790,
1903930,
1853429,
1846959,
1821828,
1880812,
1737101,
1875583,
1728833,
1641919,
1631538,
1681883,
1576770,
2071275,
2477122,
2554573,
2507457,
3564074,
2633569,
2144065,
1930129,
1904607,
1696837,
2320192,
1766696,
1731026,
1651334,
1776519,
1836422,
2041196,
1910356,
1818964,
1741127,
2142553,
1782225,
1630040,
1689276,
1722160,
1677494,
2137506,
1688744,
6917196,
5296045,
2313708,
2219448,
2209144,
2240448,
2115142,
2203123,
2108565,
2315066,
3049536,
3440246,
3242084,
3243051,
3716906,
3988548,
3275842,
3100747,
3795771,
4127107,
5109402,
4458310,
2312425,
1890075,
1983885,
1783011,
2246165,
1700146,
1913705,
7015596,
4074571,
4102703,
3247597,
3264236,
3020503,
4462819,
2754680,
1912315,
1990860,
2271452,
2048141,
9155361,
3227369,
1983686,
3309756,
2086427,
2602193,
4097478,
5040959,
2775726,
2128270,
2138980,
1939211,
1878980,
2225122,
1913955,
3145058,
3326825,
2596326,
1988361,
1787146,
13317790,
3447477,
1705572,
2012633,
2216669,
3041548,
2722617,
1882849,
3349765,
4132626,
4262429,
2681800,
2794406,
2079828,
2118409,
2819361,
3439334,
1957419,
6354066,
6821180,
3512184,
3394226,
2039774,
2193143,
2139754,
2034923,
2472143,
7166256,
9768128,
3122685,
3144442,
3388084,
6761806,
3711139,
2197771,
2055822,
1870495,
1658369,
1727653,
1804748,
2075895,
1978043,
1901211,
2526412,
2112674,
2690398,
2498134,
2040686,
9222318,
2150405,
2272495,
7820843,
3226928,
2901454,
3034823,
1707548,
4141727,
2707170,
2494024,
2799761,
2717261,
2712980,
2679312,
2551689,
2650817,
2661813,
2686577,
2602744,
2733440,
2857833,
1918276,
2179870,
2630288,
3212634,
2850457,
8902427,
3005824,
2513923,
2069958,
1838736,
1865265,
1855172,
1812460,
2039108,
1834765,
1831505,
1811781,
1798482,
1857867,
1763702,
3014579,
1758678,
1848488,
1670561,
1807902,
2235311,
1760706,
1832568,
1816522,
2109737,
2230933,
1691092,
7025244,
8084648,
2481507,
2567360,
2458412,
2641797,
2593188,
2601608,
2554641,
2199575,
3070189,
3293874,
3573331,
2813952,
1786426,
1774684,
2130188,
1694253,
2247917,
3277778,
3189050,
2976039,
2819855,
3015733,
2178755,
2679802,
2182253,
6406605,
7369388,
9810348,
4586626,
1957780,
2216858,
1751605,
1760580,
1696488,
1702256,
2546528,
7480015,
3802924,
3193028,
4331010,
2273299,
1906124,
2265996,
1985787,
1996817,
1939941,
2449215,
2375486,
1922877,
2120012,
8186843,
5319990,
2263229,
2246593,
2538186,
5478174,
2739967,
2721073,
2391115,
2688245,
4912596,
8479966,
7574777,
3183838,
3277696,
2031975,
1803926,
1973924,
2066987,
2987778,
3883383,
3327363,
3180481,
3389616,
2909964,
1908754,
6562355,
6280585,
3135610,
3845554,
1761637,
2712652,
1820454,
3357259,
1896350,
2001610,
2324613,
6907351,
7031132,
6575743,
3980095,
2520876,
2515305,
2467096,
2409277,
2640047,
2396301,
2106327,
2238578,
2180296,
1831064,
1819998,
7133157,
6207012,
2703715,
3898732,
4201581,
1939451,
1779780,
1853844,
1863517,
3540996,
8528756,
3932837,
1751937,
1680137,
1694118,
1902272,
2010015,
8315628,
4248686,
2947519,
2088238,
2435565,
1915952,
1767301,
1959735,
1765819,
7944788,
3683037,
2149063,
2512560,
2227594,
1782949,
1808755,
1659617,
1825526,
1788941,
2785686,
2553429,
2999298,
2739020,
2739068,
2662037,
2415914,
2477511,
1773849,
1740949,
2551309,
2430863,
2216834,
2117035,
1748966,
2037448,
1866947,
1689016,
1718641,
1832641,
1664524,
1645650,
1667347,
1690807,
1652570,
1608023,
1860674,
1776605,
1845405,
1646258,
1920252,
2400497,
2276302,
2708864,
