388928627,
23562621,
25691409,
24441433,
25659766,
24158118,
31612933,
24535566,
25005404,
30823006,
25345115,
25809098,
23973769,
22120557,
25340841,
23731906,
24767962,
24591471,
21167408,
23630200,
20665174,
24376133,
21725656,
21105558,
21702514,
19830251,
23957569,
21301901,
23224498,
22208576,
23425473,
22320220,
28268346,
26199958,
21388506,
21069933,
21653661,
20262477,
20915481,
21483376,
22544864,
19703451,
21822902,
23591691,
28169988,
22164005,
22614224,
18934538,
21220414,
19743733,
20202331,
19472906,
21666998,
19988980,
23327276,
24807553,
20202919,
19120869,
19739457,
23184839,
43015621,
33126906,
32421004,
34849162,
33391934,
21765066,
24371635,
19092332,
20046786,
23076362,
21146011,
19335490,
20542641,
27298495,
30302989,
33011698,
20805852,
20832233,
26828534,
21009252,
22702537,
20708346,
20479076,
21945175,
33101256,
20203465,
18803715,
19186640,
19529366,
20025597,
22784094,
19740591,
22057695,
18827771,
20684345,
19925918,
19057753,
19078228,
21532388,
19617974,
19636924,
21235593,
21643485,
19339538,
19678691,
18856834,
25886271,
19584755,
17951945,
18268985,
19392672,
21350410,
26808128,
20545671,
19549024,
34178427,
25558097,
37565777,
23442989,
23133918,
28617866,
24559314,
25182075,
20984126,
20015449,
19169691,
21620372,
20220330,
18108481,
17980423,
21705926,
19026517,
18554277,
18888862,
21654722,
19410318,
20513713,
20134680,
25800184,
20308195,
19600787,
18623842,
25712456,
20967300,
19205431,
20726585,
19659769,
24019187,
43980677,
38720035,
24107953,
25595206,
21014214,
33294737,
41306102,
22244162,
22300326,
22251331,
22290154,
20634484,
20311670,
20206057,
26538579,
25046263,
20683769,
18879424,
18622473,
17423113,
18274463,
19012567,
21805030,
21089111,
22667513,
19032150,
17998684,
24728227,
20003255,
22421846,
19830638,
21082582,
28532985,
22092559,
20716968,
18857975,
18933375,
20849079,
18977979,
23050830,
20114304,
18408873,
18520122,
17457874,
17761308,
20163840,
27068931,
23692068,
19751507,
28610697,
23846764,
18455625,
19392537,
18509486,
20336537,
21020450,
18100147,
17996841,
27462222,
26381138,
20401260,
19381248,
17969275,
18696328,
19178665,
18464039,
17578561,
18211253,
28352925,
21914288,
23417870,
21384464,
19765206,
22324307,
25025530,
24549377,
23081164,
19180872,
19386965,
23719405,
27331206,
24355221,
20779156,
19334586,
25513006,
23056225,
21665634,
23454381,
26084064,
21616507,
21233797,
21457863,
22060150,
22857699,
20381573,
20303657,
17782415,
19751211,
37031864,
19739982,
19062439,
22391327,
21435752,
19293313,
18822626,
20188052,
22653191,
20278926,
20134158,
19616947,
19893809,
24851520,
23682023,
22384059,
21070783,
20533028,
19732360,
21024040,
21233173,
18494532,
22949188,
25157758,
20773134,
22146261,
18415333,
17217869,
23219325,
25352973,
26121305,
24233133,
24606601,
19798440,
19886212,
20889270,
18969924,
22804629,
21264391,
24388558,
22311154,
18018164,
38808114,
24383794,
21300635,
22035608,
29499299,
18749321,
18160694,
20469794,
20199474,
18242409,
17790881,
17877737,
19669085,
17934809,
19919622,
22574287,
22049174,
19905117,
20512418,
20066489,
21924332,
22069092,
20296903,
19215435,
21636746,
18667184,
31348032,
25045293,
19364830,
18557756,
21109946,
32723400,
19038941,
19454104,
17690135,
86299957,
24635540,
23392281,
18373482,
22865955,
18289417,
18450867,
18585678,
19687413,
19408813,
18224843,
18451940,
18023430,
28119246,
22504677,
20401295,
30803803,
19292653,
18253531,
20554553,
26826405,
20605793,
20053874,
18719388,
21310243,
18624494,
17553175,
19006988,
20888782,
18060950,
25456116,
18607658,
21735323,
19646063,
19339648,
25234915,
22814890,
28479456,
20806025,
20671723,
20584125,
19669236,
21163610,
27102263,
19994120,
17353766,
17475742,
107084848,
18713671,
19251108,
20251322,
18732650,
18135716,
21328737,
19032536,
21794730,
23711741,
24689191,
18325876,
23679841,
23568822,
20633597,
27591899,
21155759,
22686130,
21143206,
29710039,
24596868,
27401963,
20427902,
23351275,
33125481,
19977316,
18488821,
17756312,
40101478,
28828222,
20859952,
18225047,
21319369,
32006827,
19062098,
19858451,
19835279,
19495002,
17898063,
21167827,
19323246,
23806843,
18473349,
16514884,
21914099,
18850574,
18578989,
18578014,
17837110,
17771486,
18360282,
18047196,
18632380,
17491914,
23055730,
19457911,
25228470,
27646890,
19827553,
19897164,
18710675,
17355818,
20190802,
20790928,
17955628,
18235020,
25510297,
25006214,
19433847,
19849645,
24797138,
20150698,
20597679,
18147666,
18305537,
22822424,
22584597,
19166523,
20439522,
19062593,
17083254,
19475002,
23201721,
26265322,
20010156,
24992572,
21596862,
24321950,
22204194,
26280763,
25008606,
26678940,
17510382,
17467099,
17487300,
21267812,
17522103,
19329472,
17189471,
24962546,
36671235,
21265699,
21116681,
19711720,
19350319,
20865805,
20109847,
20014797,
23599200,
23367234,
19039621,
24988175,
19772512,
19598164,
18640877,
18623833,
17708013,
20016846,
18980375,
17752451,
17263539,
19488355,
16970020,
17965593,
23801644,
35382598,
22276691,
21420597,
20009271,
20612249,
17997009,
19975451,
18905532,
21569563,
24966749,
27111041,
22655059,
20453162,
20358600,
20284583,
21633365,
18201778,
18517088,
18057805,
18253830,
28865248,
21215346,
23045371,
24590311,
20555520,
19475523,
18246597,
18248955,
18485886,
19436002,
20315129,
29575549,
19770137,
19479511,
28088673,
20009200,
22957517,
45385332,
18250667,
18098847,
25146066,
19741805,
19420161,
21324757,
17334499,
18037583,
19769547,
23688321,
33990274,
20342032,
19677898,
20050477,
28825372,
20310222,
26721355,
20998466,
25642889,
21115821,
18859831,
20666895,
18243375,
18259960,
23322898,
22308665,
22277969,
22102405,
21788710,
17975082,
19723826,
20709823,
19546164,
18863242,
20970610,
25659983,
25001711,
24302183,
25487945,
20920289,
18288119,
17214224,
20216796,
18922935,
20858803,
20662358,
17076929,
23360644,
17541416,
18000610,
18208143,
20135987,
20997575,
23659104,
17814572,
17972006,
17771198,
20322760,
18266710,
23338854,
17887185,
21224168,
24884696,
23144883,
19160977,
19173082,
21242548,
