68646098,
4594555,
3166815,
3627574,
3243452,
4326110,
4267899,
4120338,
4404164,
4957936,
3179869,
2507879,
2430261,
2762197,
2389368,
2557433,
2502304,
2506178,
3526734,
3231280,
2561026,
3658700,
2383401,
2635138,
2629254,
2603746,
2325266,
2526486,
2161076,
2875462,
3084299,
3203639,
3214681,
3141029,
3361564,
2386471,
2055043,
2531768,
2765867,
2593945,
2404627,
2270556,
2760772,
2568755,
2151567,
9214687,
6912402,
11054496,
9320071,
4162644,
2309610,
1878365,
2111480,
1725375,
2210705,
1893169,
2584157,
2612387,
4829998,
2527063,
1806765,
2580434,
2457566,
2251285,
2789134,
2752175,
2243940,
3147023,
2919209,
1868797,
2019508,
1831218,
2015819,
1908490,
1747162,
1986437,
1748031,
1689533,
1724014,
1721949,
1737770,
1624110,
1620216,
1808074,
1978556,
1704652,
2299412,
2439025,
1567778,
1858415,
1724483,
1778879,
1805554,
1681877,
7964612,
2132627,
1714156,
1596480,
2721545,
8453899,
5424913,
5030027,
3895372,
3633634,
1743178,
2336238,
2705871,
1569374,
1461595,
1768763,
1887728,
1456235,
1565792,
1915397,
1704180,
1691133,
2258271,
2302558,
1797784,
2771652,
2389890,
1857785,
1813429,
2041540,
2237325,
2218649,
2201134,
1943861,
6064407,
3825764,
3092006,
2818414,
2838709,
2663426,
3368892,
2607125,
2653084,
2050033,
2184908,
2110657,
5473822,
2599574,
1722937,
1641375,
1703678,
1709113,
1616075,
1908069,
1598505,
1692749,
1527066,
2129181,
1779922,
1791549,
2566984,
2172340,
6050223,
2075684,
2193409,
1440017,
1334918,
1734336,
1837707,
1314742,
1300640,
1185084,
1481431,
1362561,
1419779,
6929669,
4250554,
2927028,
1948482,
1577208,
1644573,
1738748,
1423966,
2213837,
1436052,
4301392,
2216695,
1564552,
5191513,
2075496,
1543568,
1333375,
1346878,
1552512,
1352763,
1376795,
5991902,
2925842,
2168800,
1432946,
1783899,
1941848,
1520763,
3299970,
3658595,
2248315,
1696636,
1585363,
1562565,
4994711,
2389187,
4628151,
4721676,
3212875,
3375004,
3221262,
2900186,
2878548,
3002474,
2402704,
3032042,
1309045,
1409882,
1359293,
5513866,
2018137,
1668570,
1421150,
1597136,
2255136,
1477495,
1520918,
1485440,
1507473,
1694400,
1827994,
2513832,
2018890,
5148721,
2500031,
2693209,
2351920,
2312308,
2200445,
2285265,
2840418,
2955064,
3088871,
1752508,
1263274,
1414571,
1358129,
4420266,
4549593,
4862425,
2129164,
1712332,
1751177,
2880612,
2103045,
6602971,
2940854,
1757863,
5595479,
1928603,
1986602,
1754995,
1807691,
1670350,
1530064,
1655338,
2087219,
1782941,
1828375,
1840111,
1240970,
1242630,
1574717,
1678294,
2609725,
2496949,
2388228,
2293703,
2645343,
1453386,
1265907,
1331643,
1356846,
1475896,
1258563,
1237666,
1896725,
1685745,
1168629,
1739991,
1563514,
1627603,
1295535,
2234068,
2712664,
1822602,
2017570,
2241199,
1894525,
1800786,
1628655,
1608689,
1580444,
1592665,
1724523,
1737387,
1671869,
1837669,
1834284,
7070218,
2079617,
2186660,
7033468,
2601261,
2589824,
1525307,
1551224,
1420363,
1433717,
1454536,
1637001,
1588830,
1417128,
1822462,
1198255,
1445229,
6494733,
4152711,
2201562,
1812271,
1400725,
1242005,
1811245,
1833901,
1762531,
1178938,
2016974,
1349595,
1958474,
1565044,
1695706,
2074117,
1774690,
1450327,
1929843,
1678175,
3445068,
3190822,
1199553,
1299845,
1361763,
1408724,
2287956,
1391661,
1738536,
1421742,
1188923,
2062803,
2147607,
2494153,
1695243,
1739575,
2137616,
6678436,
2730219,
1629620,
1680293,
1615304,
1563860,
1637335,
1637620,
1622361,
1550810,
1206179,
1223304,
1324227,
1413935,
1222706,
1744137,
1385605,
1213750,
1581581,
1572727,
1581481,
1375802,
1869545,
1826020,
1250512,
1635202,
1810640,
4872047,
5537255,
2038160,
1444258,
1441689,
1474950,
1323189,
1701028,
1162790,
4038487,
5111029,
2476844,
2345008,
1248128,
1495942,
1312574,
1275348,
1455343,
1439564,
1193881,
1470037,
1710213,
1110696,
1163807,
1340480,
2382722,
2203632,
6153459,
2279307,
4203045,
4142935,
3969944,
6463663,
1453335,
1316041,
1294955,
1298111,
1256782,
1346650,
2011813,
1498325,
1532975,
1267283,
2210273,
2176315,
2350421,
2556696,
3064899,
2877081,
2945035,
3799806,
2829478,
1421156,
1241930,
1267451,
1598456,
1550030,
1468827,
1482978,
1471201,
1773216,
1163799,
1766331,
1312096,
1370950,
4426101,
6538894,
4506658,
1667035,
1374111,
1304447,
1246517,
1373122,
1314361,
4399546,
2852618,
3117133,
2841242,
1594785,
1663603,
1303383,
1303013,
1442483,
1931158,
2038612,
2682014,
2791351,
2677926,
2349737,
1339671,
1335739,
1283027,
1409603,
1321253,
1392325,
1461755,
1526127,
5437142,
2295099,
1353056,
1270460,
1363680,
1410255,
1351549,
1288460,
1446496,
2406051,
2373895,
1232452,
1159334,
1265819,
3995814,
1987097,
1239520,
1331337,
1553042,
2918102,
1471928,
1810005,
1588170,
2105520,
2400978,
2319171,
2356239,
1505049,
1631665,
4747006,
4504282,
2177505,
2085409,
1680589,
4486947,
1835492,
1704470,
2074181,
5906866,
5476732,
4379264,
1504368,
1146270,
1245319,
1117911,
1152245,
1151697,
1176300,
1235449,
1681600,
1247439,
1404318,
1716551,
1334061,
1482574,
1418306,
1511868,
2582799,
1767575,
2797171,
2679731,
3727593,
2544939,
1236470,
1236327,
1334955,
1455310,
1927512,
1252500,
1174399,
1218862,
1184593,
1237793,
4360173,
2391137,
2341008,
1750043,
1111581,
1140371,
1380341,
2288006,
3174261,
1222467,
1607193,
1333267,
1181893,
1304921,
1166945,
1142110,
1162206,
1359490,
1168431,
1121964,
1191553,
1184663,
1473719,
2381080,
2747643,
3014298,
2076435,
3301955,
1834896,
1166888,
1174771,
1280233,
1496365,
1217927,
1309251,
1153608,
1290044,
1570675,
1310622,
1345695,
1194270,
