58160462,
3632403,
5215985,
10390282,
9024469,
7929357,
4933330,
6200905,
6443091,
4089574,
4461596,
3638205,
3535412,
3718519,
3444666,
3537209,
3110806,
3182920,
4056260,
3564094,
2876382,
3810734,
15540434,
14549501,
13240569,
13652411,
7011176,
4694805,
5198693,
12852400,
5715057,
5912488,
9044931,
10024159,
8126574,
7346996,
9006700,
7039107,
5234591,
4141676,
4317243,
3304433,
2673830,
8481023,
9193866,
8571288,
7098604,
7353843,
11823337,
7536792,
7200095,
9356084,
6585779,
2458933,
2275973,
2594563,
2965877,
4505979,
7984227,
7201427,
7522925,
6533697,
3708792,
3357968,
2409552,
1938807,
2402071,
2252307,
2218441,
2032761,
1981608,
10422791,
7871271,
4405622,
2404235,
2360250,
2011842,
2292738,
2509826,
2291819,
2213921,
2375481,
2253709,
2404675,
2053295,
2645207,
5877591,
4069573,
4018304,
3030770,
2952994,
2861689,
2603539,
2137938,
2611993,
3346250,
3282962,
2949993,
2957178,
2336545,
2160091,
7605434,
2765692,
2333891,
2403623,
2574566,
2622006,
2388242,
9372668,
12200597,
11285903,
5953033,
2536295,
2272993,
2472886,
3590056,
2325719,
7316234,
11264931,
9321044,
4029217,
3742491,
5644297,
3999186,
4315032,
5729392,
5890431,
3959904,
3440461,
4458371,
3454118,
2949258,
2822058,
2993339,
4314771,
3929729,
1952624,
1689122,
2421172,
2733362,
1817986,
1916137,
1882089,
1820779,
1955205,
1749397,
1865460,
3147648,
2609512,
1764266,
2588485,
2461529,
2701998,
1722671,
5488555,
3005788,
1745893,
1722040,
1826144,
2295609,
2082353,
2534285,
1779834,
2669337,
3068630,
3236527,
2902276,
2677939,
1902004,
2887986,
2308909,
2901548,
2960466,
2937705,
2926154,
1842535,
2141537,
2098555,
2027886,
2305612,
3507865,
4061711,
2664056,
2560371,
2788502,
2378437,
2511129,
2889006,
2763595,
2025149,
2129624,
3068449,
2000775,
1917578,
1871924,
2785367,
3482981,
4915628,
3784616,
3850905,
3328526,
3345379,
3509539,
3351213,
3558827,
2091426,
1830516,
1806373,
1851496,
7092697,
7230887,
8229718,
7419906,
3364422,
4150797,
3283290,
1822502,
1687372,
1616461,
1674910,
1611637,
1637736,
1741075,
1656819,
2711910,
1789724,
2022064,
1797196,
2479095,
1678597,
2101798,
1631851,
2591382,
2484472,
2552816,
2490615,
2545424,
1738621,
2207817,
2089082,
2487921,
2191090,
2043940,
7053464,
6887216,
2513318,
6556759,
6685556,
2573160,
2933683,
2327525,
2077493,
2616389,
3274426,
2153183,
2034566,
2162215,
2147721,
2037586,
2305233,
2118027,
1926940,
2477939,
2383580,
2325426,
2145255,
1643599,
1848582,
1678179,
1852728,
1685856,
7048620,
8845374,
7881385,
7916503,
4731730,
3376659,
3713409,
3899216,
3345797,
3014076,
3462747,
3554029,
4179041,
4567281,
3513995,
3204288,
3021608,
2354395,
1689302,
1948412,
4859162,
2140603,
2130713,
3348560,
2556593,
3530736,
4057645,
1857318,
2381752,
6685079,
8803121,
9925994,
6182460,
2718712,
1930696,
1800960,
1802015,
1811033,
2467772,
3923837,
4734357,
4456037,
4301725,
4337264,
5418576,
3610594,
3610282,
3725324,
3946645,
3764094,
4256700,
3409068,
4143532,
3878598,
2980606,
3166016,
3213395,
1783492,
1983575,
2600646,
1677466,
2261364,
1769613,
7258847,
5790051,
7585531,
8861265,
10658657,
3907592,
1953668,
2359721,
3078554,
2992647,
1963033,
2048366,
1966074,
2454027,
3022831,
2605732,
2572265,
2433006,
2908797,
3359500,
3054602,
2936258,
3126179,
6429815,
4349181,
4489425,
3912410,
3770016,
2304247,
2208339,
2006171,
2479140,
2830797,
4290448,
1896901,
1660238,
2414762,
2005609,
1850860,
1784088,
1891177,
6272980,
7989601,
5315453,
2589196,
2522603,
2355174,
9343052,
3841797,
2059318,
1698467,
2570842,
1755563,
1870127,
5842888,
6877874,
6771026,
4276828,
2308789,
2429746,
7634851,
5847131,
2563577,
1723403,
1983653,
2077739,
1879941,
2194582,
2092457,
1650176,
1668180,
1851159,
2793124,
3089292,
1846222,
1988853,
2076853,
2046483,
2013658,
2309965,
1940464,
2219165,
2461058,
1984616,
2204611,
2108603,
3190243,
1910961,
2017628,
1836603,
1910097,
1841100,
1776118,
2508965,
2143563,
2030172,
1650779,
2241346,
2891492,
1888444,
1898372,
2035823,
2010846,
2038011,
2017485,
1668478,
1726132,
1968817,
1718076,
2276352,
1918606,
6590450,
2872060,
1809656,
2215621,
6107529,
5921569,
6499641,
6848632,
6261258,
4237995,
3102567,
1709798,
1746192,
1810398,
1872805,
1764807,
1736073,
1856889,
1754006,
5787319,
6337326,
2623230,
2337137,
6495673,
4703734,
1687289,
1980325,
1527162,
1635683,
1759947,
1866882,
1981266,
1855034,
1839798,
3320483,
4047155,
4850898,
2365817,
2201613,
3031908,
3545896,
3888855,
3889771,
1919563,
3641258,
2221834,
2995626,
1687759,
1674856,
1567455,
1769728,
1479042,
1530722,
1724827,
1605848,
1751249,
1709904,
1621466,
1673504,
1960359,
8259032,
2381556,
1701723,
1527807,
1689953,
2061395,
2035211,
1730815,
1564251,
1786379,
1583976,
1560396,
1476981,
1450684,
1421290,
1515975,
1683273,
1798909,
2321599,
1539266,
1550073,
1803930,
1522528,
1488844,
1509698,
1413286,
1554209,
1573660,
1616066,
1706901,
1813405,
1745801,
2248585,
6170855,
3260713,
1584612,
1736651,
1713539,
1635159,
2530903,
7721767,
7165994,
3831206,
5442067,
3546619,
1692274,
2627841,
1599895,
1695775,
1434444,
1398621,
1779232,
6561696,
7445085,
2819451,
6952856,
3908482,
3202896,
2951439,
3250651,
4493702,
1750070,
1748072,
1701585,
2284336,
2790638,
2534625,
2628126,
2659861,
6123040,
7715919,
3351216,
2949853,
2889754,
3658009,
3546670,
3537723,
4666929,
6049832,
4722518,
1959837,
1964301,
2596876,
3892128,
4365669,
4404069,
5611753,
5726235,
6029843,
3950575,
3847545,
5118313,
5759902,
5551676,
1980135,
