492833945,
26209550,
26328122,
35144664,
25939201,
36561357,
24398801,
24692748,
73624860,
29423963,
36434770,
36265602,
24339461,
24887362,
26932713,
26752830,
21627513,
31759078,
21109010,
21907425,
20638620,
22372536,
20031128,
20076436,
23102811,
21046723,
29179901,
21178434,
20678781,
25252646,
35044631,
40029838,
42919769,
32914468,
39255862,
25281271,
23098826,
53218975,
28281184,
34679554,
48815748,
28096853,
30391312,
33526405,
29279851,
27578862,
31363558,
24686566,
23840767,
44167714,
30193502,
21730415,
26643994,
31803132,
28387530,
34944849,
27897237,
30866736,
38072825,
35016361,
43359835,
28334944,
29169875,
36501542,
27356105,
23571997,
21592036,
33537609,
26393899,
22408797,
29920887,
26058956,
27768234,
28120645,
26267140,
20200899,
34616328,
19035912,
21135940,
29911429,
24765981,
20462211,
19061964,
20869664,
32224598,
30050335,
30954045,
21914460,
20268724,
18912167,
22226533,
19454642,
21118657,
22501771,
22585996,
29224499,
21624610,
25234571,
22058870,
22685317,
25159662,
21240094,
22803024,
25955338,
19221957,
21703532,
18702074,
20742451,
20165312,
19003966,
22464749,
19621796,
19043101,
18847312,
19846004,
19681897,
23212168,
27930805,
23154099,
19772155,
20060158,
22936300,
25592941,
21139373,
25691868,
29010182,
33840246,
31380582,
29920125,
22092892,
31517273,
17909972,
21021338,
19680653,
22496920,
29895391,
27417669,
28358976,
26999916,
37129772,
22985796,
21160746,
21154395,
24389063,
22955026,
43296872,
23525778,
22063865,
20375994,
21757952,
22198741,
24952484,
22563578,
22776602,
20679150,
20226233,
23421390,
22061971,
21230222,
19709010,
21045278,
21726827,
18669584,
23304373,
18055010,
18250552,
20308413,
20095461,
18808428,
19519769,
19639134,
18832614,
18912765,
21454756,
21587801,
19597642,
17685366,
18842728,
20187519,
23878355,
20776426,
23430050,
25852425,
18788039,
20965347,
21549300,
19656842,
21409708,
19455692,
19611535,
21166219,
21160626,
26336784,
26095555,
23626781,
18374421,
19071188,
20338958,
20231636,
20683321,
19916563,
20485304,
19351000,
20997379,
20224478,
19524238,
21835925,
19478843,
19057236,
21983540,
22707731,
21234933,
23299090,
21394052,
23204315,
32783041,
19724544,
19593928,
19407656,
21823736,
21083059,
18240335,
19868474,
22048908,
19952549,
21908566,
22054536,
20454374,
20934514,
23017755,
22943248,
20526849,
23236472,
21648736,
23371374,
20538738,
20026103,
23811058,
18591897,
29802071,
29437206,
31507614,
37343747,
27551030,
28539152,
24894919,
21342297,
19845529,
19648555,
20235610,
20007901,
23768265,
21761824,
20517605,
26070407,
19389315,
19429951,
19237411,
19487131,
26527062,
43052731,
19261083,
22106403,
30708587,
26073400,
19812673,
19972018,
20600281,
27918009,
21659241,
20829512,
19319265,
18258422,
21506266,
28942336,
27979155,
45502069,
21478448,
32675000,
27513276,
26479582,
19685544,
19097397,
29086086,
21184238,
20828336,
24701045,
22424064,
27676109,
44431301,
18383078,
22039104,
19246520,
21576820,
19560409,
21601430,
22030068,
19629745,
18076980,
48269240,
20041353,
19449708,
18849700,
22110601,
20975985,
20098390,
40399666,
21951723,
25727662,
29863383,
35246097,
29826525,
26969970,
45305765,
21835674,
24019100,
21105400,
64065559,
22168775,
22455626,
96788713,
22133762,
21844857,
29219037,
21381993,
21738303,
20575538,
18162574,
19335658,
18872920,
20715650,
19741785,
19598879,
30946565,
21685802,
21070357,
19475510,
21105293,
19628539,
25858056,
29139950,
28741515,
27050165,
21325674,
19548505,
18815712,
22064167,
20039611,
20071285,
19919828,
20887213,
66381605,
24330391,
23456852,
29321188,
22387269,
20083944,
22688845,
23044175,
24504900,
29257591,
22824306,
23100014,
25381319,
24080068,
22719903,
27855240,
20162437,
20023742,
18991798,
17873674,
17784092,
19417977,
17710007,
18549428,
20751335,
21578303,
27445148,
24174948,
28764698,
27315780,
29751386,
30628170,
20369965,
26437219,
21635254,
18341885,
21657711,
20104920,
19545432,
17815333,
19573705,
25828784,
19776379,
39749979,
20180853,
19493986,
22072020,
20307286,
42835128,
20222053,
24226970,
23888670,
20598683,
22010571,
25195742,
19890871,
19375069,
21879764,
22717694,
19119765,
19578737,
18579606,
19835506,
17662839,
18060009,
36922500,
18938553,
20194275,
18878822,
48465470,
27334669,
22392696,
19135375,
24163474,
21427654,
21609356,
25731722,
20783267,
20534528,
18484661,
18272803,
67447258,
26328599,
30248978,
27569747,
22140087,
44319421,
26085517,
23788615,
24477993,
19179056,
17668945,
20811970,
39830982,
19613853,
19099110,
18548611,
18974666,
18566032,
18984920,
23645032,
21206698,
18718598,
17991628,
22527781,
20317441,
28154954,
20434961,
18371962,
20547211,
20250592,
21327593,
21887751,
41983183,
20188810,
20159356,
18145868,
20777780,
19200687,
17739737,
19036756,
19620732,
20934392,
66616209,
19175279,
18706035,
21248778,
18361985,
20015792,
20269351,
18433728,
18228778,
19588019,
24143763,
20012775,
22705079,
27231357,
27390612,
68134839,
24045084,
26874741,
25155352,
23709656,
24811027,
23739724,
21840682,
22275743,
18896059,
18220056,
19913179,
18324913,
20413284,
19983692,
18360631,
18783995,
18401107,
22533259,
24263209,
23732786,
22641710,
23488156,
43529996,
22038263,
17303545,
20332369,
19712735,
18584763,
26360670,
19005366,
18536573,
19704439,
26170150,
20725431,
21461504,
19683144,
17956390,
18438180,
21207286,
19474372,
21357248,
20374502,
20278198,
23673169,
19317993,
23196880,
19995392,
19858081,
18195923,
20236142,
19639961,
21067660,
20972434,
17887400,
16940621,
20636769,
20722838,
25182947,
18315979,
19200535,
19072090,
20863140,
20838102,
20724336,
67061907,
19943327,
17399767,
19494471,
22985289,
20566149,
20256776,
18597430,
42300130,
17690408,
18952509,
21824327,
17916269,
17646682,
19061233,
18454307,
22212979,
23102928,
20649768,
18111742,
18100624,
19783087,
35971286,
17791883,
17645318,
17609162,
21097788,
18366048,
18812033,
17063732,
18461426,
29725873,
18989464,
18378973,
19005145,
19330169,
17910990,
17882035,
22591103,
25629680,
23349126,
22365973,
20984484,
18886174,
20772323,
20653672,
