541543630,
27274484,
40213585,
24983334,
71107394,
24612545,
33182199,
25495417,
21765859,
22990783,
22356228,
27604943,
26999733,
21671027,
33159717,
25496415,
29313694,
23896988,
23615965,
36712796,
37795788,
41661041,
33753742,
26748636,
23707729,
21741203,
25864053,
48965022,
26739597,
26521579,
24298767,
25203417,
24041912,
27283193,
24057847,
24557313,
47727906,
24366126,
30222448,
24973403,
24770225,
42665546,
31049849,
26170437,
25012708,
26399872,
19472404,
20214001,
21569676,
23024570,
23226093,
23466271,
21346090,
21824254,
29509782,
33296583,
29954292,
47192263,
35148572,
31921617,
32709605,
29109458,
31813231,
37702658,
30625869,
23607375,
36219574,
35380449,
41010944,
32916014,
42849814,
28034628,
25136407,
21958122,
21674740,
20623610,
22074907,
18943779,
20669921,
21264366,
20052603,
19967731,
23645447,
20179378,
20084544,
19553686,
20021358,
19491884,
24953976,
20971013,
21831694,
20987615,
18551149,
18272868,
22018669,
22052884,
23124752,
20739136,
19717664,
18897668,
22490439,
20062542,
20294253,
21906176,
18727534,
19386165,
20109736,
59479055,
19798505,
19236636,
19633455,
39948329,
46542278,
53993722,
33311016,
21494593,
51704286,
21826974,
23221580,
46858585,
19714729,
46694405,
48740201,
19140240,
19223103,
47838303,
20624903,
19618006,
21809176,
51929457,
21036884,
21668758,
74275546,
26787649,
24925880,
19643149,
19387985,
17842441,
18199879,
53357648,
37152788,
29767552,
34347673,
26197963,
27827504,
26257712,
42751351,
26109153,
20266707,
21716548,
39215250,
19576175,
19541778,
19181583,
19574391,
18998843,
18774870,
20913969,
20701973,
18986875,
19142136,
18428251,
27268384,
27278382,
23005440,
21024939,
20368945,
17634044,
22228035,
22693246,
19023897,
35053154,
21935338,
19468700,
20429627,
18658345,
20410713,
24444829,
19723317,
20385911,
60757785,
23588474,
19243427,
19007606,
29885049,
23583691,
18686274,
19166191,
19179662,
20190947,
21708866,
24224835,
18604122,
19653973,
20968876,
20369933,
21325528,
19880162,
19914668,
20179826,
20648110,
20622881,
17840632,
19023023,
20342351,
19797258,
19329353,
20533646,
20415821,
18273022,
20261226,
21782035,
23570337,
27146202,
26041177,
25859854,
20328430,
19591927,
22168552,
28767890,
25071118,
21087971,
21729757,
34802404,
25195663,
25363260,
30919047,
43343308,
21574302,
21157716,
20766322,
19836371,
19844279,
26553793,
21394303,
21307902,
20966962,
20558643,
19482735,
22730364,
20238303,
18757835,
19259034,
22261101,
63500728,
21142428,
26750234,
21799560,
18701479,
20372997,
26780230,
21962379,
19990904,
17721857,
18668137,
18645178,
18645255,
18762830,
19471638,
20288542,
18827726,
20974757,
21831180,
18288762,
21311779,
19914071,
20127652,
18615509,
20723570,
27029279,
25982497,
23391686,
28334211,
23899441,
21454123,
21633565,
20663173,
21382255,
19543586,
18738686,
18930816,
19808691,
19168350,
19138254,
20571962,
19289055,
19007310,
23970540,
18949754,
22447418,
21330138,
20104473,
18047454,
18290370,
18358361,
36251683,
20486625,
20528943,
19741688,
20679257,
27202082,
23830291,
20457583,
18630467,
18981552,
21305505,
22341014,
23907702,
19721920,
20349417,
20813104,
18664746,
25561555,
86531643,
19930878,
19246239,
17872151,
18073910,
19451944,
34204297,
54883886,
24940533,
26682439,
18184066,
18234126,
20526068,
21517758,
20266299,
33220320,
17759649,
28266137,
21543462,
19172231,
18330967,
21048886,
18525234,
20617452,
19385481,
19484907,
22105157,
19765772,
19710056,
81450074,
18219050,
21637531,
38108432,
36395673,
18373922,
18149367,
17591759,
17757830,
19691558,
20451099,
20732961,
18292677,
20387520,
62024050,
20714616,
20839112,
22000451,
20420730,
21254208,
19073597,
20443178,
17721539,
18007271,
18125130,
19321704,
23588867,
25491422,
21497169,
24605000,
27254618,
19172330,
18466261,
22270524,
23403435,
22879826,
18650928,
36039923,
38244185,
43885583,
22553546,
20302023,
20886778,
18096988,
20191051,
19986827,
19698424,
20358634,
19418911,
19821314,
22543480,
17720631,
19839093,
17952082,
17922928,
18027502,
19955943,
18559192,
18469885,
18214313,
19628844,
20046414,
19776351,
24353759,
21602938,
21563075,
19106778,
22310229,
23507278,
23021703,
19625263,
21334346,
19747296,
20756229,
21784947,
22923947,
44553823,
19894399,
21073002,
33046273,
21953186,
33094855,
21292965,
33645025,
20884097,
24291991,
20836007,
20102752,
21030553,
24089253,
23737043,
28338302,
29528905,
32131459,
23438460,
19007332,
17401873,
21903024,
20702167,
18250535,
21961385,
32773304,
34961637,
22705952,
38673756,
71468307,
26750823,
26866873,
31719442,
23820223,
18145039,
17502096,
36792218,
20579016,
21881277,
22610499,
20727710,
18539613,
18616075,
20034546,
19420410,
19218092,
20713308,
32239005,
28280694,
19033533,
18168015,
27645238,
18724021,
18464471,
19343724,
18637630,
18935010,
20796036,
26544567,
85455062,
19950014,
18497966,
39100147,
18340540,
17359492,
18227114,
17737392,
20008037,
20398462,
19741509,
64009161,
31821299,
19301261,
19480042,
18768204,
21067188,
25484419,
36965918,
19966839,
18662696,
19210685,
22427822,
19118581,
18590414,
18241496,
18608231,
18884271,
17919680,
20034941,
31220321,
26119201,
24834226,
21915803,
20929920,
20419597,
19994775,
18542824,
21792099,
19999295,
18820140,
17923779,
18725319,
20100155,
19381841,
18393399,
19140785,
18249874,
22708097,
30690783,
21395223,
20388638,
17997096,
18099125,
19456299,
19447189,
25285119,
25050291,
24095366,
20757814,
21233808,
20239729,
17909758,
20024433,
23170553,
25551352,
22976922,
23990587,
22946941,
19493989,
59624171,
21142168,
22094249,
21101392,
20998927,
27793588,
22092520,
17324649,
17770464,
17576239,
17946015,
20324251,
20283429,
21767854,
66326215,
24099024,
20301352,
17748669,
19931118,
21982318,
17861338,
19176580,
24949310,
24667099,
22988563,
19655846,
18262054,
17664999,
19166338,
18230309,
17872397,
17807774,
19092897,
19775892,
25009853,
20082835,
19280223,
17333657,
19328926,
25594106,
24774048,
23719020,
20546559,
20234612,
20928271,
21197696,
19036015,
17903376,
18167690,
20302770,
18625466,
21380576,
17459150,
