66606525,
3610779,
3569162,
4361668,
4466706,
3532638,
4636290,
4057325,
3391796,
3775098,
3527332,
3803729,
3248393,
3362110,
10967379,
13653367,
11336840,
9590783,
5223290,
2982566,
2808632,
2450344,
2361246,
3833382,
3665183,
5586964,
3927330,
5315242,
5506621,
5050449,
4130781,
4868760,
5239052,
4987964,
4191620,
3912928,
4780650,
4051665,
6230484,
5042435,
2393281,
3004975,
2133067,
2182053,
2095308,
2623464,
2316951,
3211540,
2412423,
2666017,
9192351,
10217054,
6377450,
32426181,
8777474,
7093241,
8966798,
8794771,
2927237,
7421357,
7323374,
9287099,
11159462,
25414060,
3284474,
2025106,
1756456,
1637995,
1713561,
2095469,
1586384,
1995531,
1643479,
1853029,
1817093,
2296534,
1561932,
1853853,
1740811,
2333713,
1840098,
1684807,
1646002,
1678223,
1873853,
1855622,
1811273,
1667673,
2215053,
1711470,
2207146,
2197039,
2189382,
2346426,
2701485,
2452166,
2352992,
2229455,
2295116,
1580491,
2204361,
1395082,
3156929,
1682957,
1881512,
1617064,
2130789,
5302191,
1881109,
1685388,
1862116,
1732458,
1754147,
2115748,
2467863,
1619443,
2070747,
3495517,
1751300,
6028227,
4914096,
2754664,
1848557,
1612914,
1596922,
1652201,
1647448,
6979374,
7465220,
6271311,
7343655,
5589894,
7598225,
5733162,
1798315,
1393389,
1532206,
1768618,
1550895,
2035467,
2101059,
1358770,
1444306,
1615827,
1594960,
1780917,
1441342,
1277590,
1301351,
5906881,
3894748,
1890539,
1959646,
1403461,
1708227,
1360868,
1640528,
5473724,
1999327,
2015695,
1607273,
1613431,
1655034,
1984357,
1644599,
2191672,
1350510,
4847599,
2864475,
2119270,
1415120,
1973787,
1408510,
2373935,
2039914,
1360101,
1304749,
1373390,
1292420,
1366749,
1383820,
1842845,
1930757,
2219178,
1943722,
1466439,
1405258,
1521947,
1592716,
1400314,
2006755,
1703330,
1686408,
1407123,
1690134,
1493979,
1361401,
1903220,
2359837,
6004865,
1708019,
1344000,
1652425,
1648096,
1366706,
3623950,
2934455,
3108819,
3792238,
3391217,
3376462,
2470593,
3915781,
5484535,
2565224,
2039860,
1913647,
1851282,
1653963,
1725859,
1642576,
1574002,
1785386,
1929926,
1922571,
2166166,
1586428,
1626709,
1965736,
2318137,
1964790,
1997207,
1886510,
2361896,
4902592,
2449874,
1620772,
1536312,
6663393,
2288418,
1266321,
1217714,
1199515,
1234909,
1247965,
1437133,
1298460,
1503955,
1606590,
1650889,
2453436,
2180021,
1935292,
1297067,
1566932,
1620954,
1426731,
1475973,
1493692,
1567048,
1532058,
2876216,
2333694,
1665675,
1924581,
1448557,
1474956,
1684866,
1700915,
1542210,
1483743,
1416725,
1995883,
2316222,
1736695,
1614227,
1492086,
1391910,
1341054,
1758030,
1347387,
1566488,
1361429,
1377475,
2180462,
1288653,
1637742,
1620601,
1530886,
1476398,
1470567,
1455849,
1332353,
1270870,
1579041,
1568845,
5766326,
1771169,
1936462,
1274032,
2297781,
2021946,
1292978,
1357876,
1301652,
1340349,
1260290,
1392207,
3252419,
4525258,
3486107,
1334071,
1290783,
1642538,
1264518,
1285029,
1299115,
1363691,
1408007,
1639124,
2039900,
1917861,
1915298,
2498087,
1851986,
1764070,
2202833,
1959714,
2134273,
1886870,
1277033,
1230970,
1885834,
1189337,
1278261,
1807297,
1378255,
2027839,
1841158,
1697608,
2074267,
1361652,
1413070,
1297704,
1684069,
1256199,
1264434,
1367571,
1247993,
1700999,
3098757,
2611675,
2567087,
3145098,
2227155,
2080352,
1189913,
1184102,
1239872,
1298499,
1268430,
5715808,
3124630,
2730929,
1753061,
1740224,
1560478,
1185744,
1235121,
6422927,
3590875,
2027026,
1773272,
1750834,
1710499,
1978383,
2421374,
2481540,
1461626,
1479482,
1803633,
2266338,
2008101,
1951572,
2181694,
1451468,
2292284,
1363081,
1352508,
1170083,
1254003,
1168547,
1258568,
1334952,
1933275,
1650579,
2548264,
2337495,
2521441,
2329437,
2410524,
2346260,
3118044,
2286112,
2257639,
2499373,
2522231,
2330063,
2450821,
2390739,
2481406,
2752502,
1577518,
1677796,
1879486,
1708408,
1553420,
1752175,
1638001,
1611713,
2477285,
2018560,
2078445,
1762412,
5688977,
2515587,
1488256,
1415385,
1379600,
1411969,
1807468,
1392301,
1397963,
1453854,
1269452,
1351100,
3207929,
1504605,
1648673,
1235593,
1835259,
1627606,
1687127,
1343190,
2767444,
2919118,
1898483,
1434720,
1480128,
1368122,
1587357,
1279290,
1262498,
1224180,
1258066,
2312778,
1553391,
1686202,
2242115,
3214244,
3226741,
1448437,
1281591,
1235599,
2050049,
1890915,
1844845,
1489844,
1515179,
1603332,
2120104,
1913267,
1416428,
3209410,
2170709,
2157662,
1922201,
1870193,
2033202,
2076924,
2075146,
2106510,
1863052,
2032683,
2074892,
1593304,
1551901,
5361290,
1669201,
1573864,
1796998,
1428203,
1422581,
1752707,
1331371,
1328548,
1725095,
2139442,
1442448,
1372506,
1448875,
1317445,
1303248,
1347392,
1337082,
1936423,
1546236,
1940940,
6358303,
1778120,
1809298,
1820825,
1965473,
1259316,
1345933,
1282908,
1312861,
1382357,
1507891,
1423297,
1728512,
1451694,
1470218,
1405462,
1406909,
1946405,
1506055,
1304007,
1357473,
1237016,
1117714,
1926111,
3894701,
4386416,
4099095,
2768088,
1695528,
1658954,
1089540,
1118223,
4097416,
3732521,
4218574,
4774688,
1993332,
1948405,
2844799,
2966577,
3939606,
3881201,
1265588,
1451508,
1117337,
1062119,
1122113,
1901006,
1671885,
2148910,
5194004,
3782646,
1901538,
1334069,
1158572,
1242586,
1972256,
3797022,
5349327,
4978423,
1789487,
1089557,
1238458,
1305789,
2189323,
2488153,
2737787,
2045321,
1271657,
4056226,
4304661,
4522455,
2542648,
1380976,
1985803,
1870567,
1830559,
1199648,
1195398,
1205100,
1207906,
1170148,
1733175,
2495729,
3990100,
3924144,
4099921,
4016329,
4020407,
4059490,
4352269,
4224287,
