1643334549145,
1643334549471,
1643334549496,
1643334549524,
1643334549551,
1643334549575,
1643334549599,
1643334549626,
1643334549651,
1643334549677,
1643334563344,
1643334563393,
1643334563431,
1643334563462,
1643334563499,
1643334563530,
1643334563562,
1643334563594,
1643334563627,
1643334563658,
1643334579953,
1643334580002,
1643334580032,
1643334580142,
1643334580184,
1643334580250,
1643334580282,
1643334580334,
1643334580378,
1643334580413,
1643334598286,
1643334598323,
1643334598352,
1643334598382,
1643334598406,
1643334598430,
1643334598454,
1643334598542,
1643334598567,
1643334598613,
1643334611910,
1643334611947,
1643334611975,
1643334611997,
1643334612026,
1643334612050,
1643334612073,
1643334612097,
1643334612120,
1643334612146,
1643334624515,
1643334624546,
1643334624606,
1643334624640,
1643334624669,
1643334624704,
1643334624750,
1643334624779,
1643334624817,
1643334624876,
1643334638188,
1643334638225,
1643334638252,
1643334638326,
1643334638353,
1643334638380,
1643334638407,
1643334638429,
1643334638454,
1643334638478,
1643334656483,
1643334656517,
1643334656546,
1643334656569,
1643334656596,
1643334656622,
1643334656644,
1643334656684,
1643334656718,
1643334656745,
1643334670377,
1643334670423,
1643334670445,
1643334670466,
1643334670495,
1643334670518,
1643334670545,
1643334670568,
1643334670591,
1643334670613,
1643334684287,
1643334684322,
1643334684356,
1643334684448,
1643334684469,
1643334684491,
1643334684543,
1643334684566,
1643334684588,
1643334684617,
1643334699504,
1643334699546,
1643334699572,
1643334699595,
1643334699620,
1643334699646,
1643334699674,
1643334699798,
1643334699848,
1643334699872,
1643334713690,
1643334713723,
1643334713744,
1643334713776,
1643334713852,
1643334713894,
1643334713924,
1643334713957,
1643334713979,
1643334714002,
1643334741282,
1643334741324,
1643334741348,
1643334741373,
1643334741397,
1643334741431,
1643334741467,
1643334741499,
1643334741527,
1643334741562,
1643334754800,
1643334754838,
1643334754859,
1643334754880,
1643334754903,
1643334754929,
1643334754952,
1643334754975,
1643334755012,
1643334755035,
1643334772385,
1643334772420,
1643334772451,
1643334772476,
1643334772511,
1643334772553,
1643334772575,
1643334772602,
1643334772634,
1643334772660,
1643334792932,
1643334792967,
1643334792992,
1643334793023,
1643334793051,
1643334793086,
1643334793141,
1643334793171,
1643334793198,
1643334793221,
1643334805342,
1643334805378,
1643334805400,
1643334805426,
1643334805450,
1643334805476,
1643334805506,
1643334805551,
1643334805575,
1643334805598,
1643334819141,
1643334819185,
1643334819211,
1643334819237,
1643334819274,
1643334819302,
1643334819328,
1643334819356,
1643334819380,
1643334819403,
1643334831717,
1643334831750,
1643334831774,
1643334831800,
1643334831825,
1643334831855,
1643334831880,
1643334831907,
1643334831948,
1643334832002,
1643334846970,
1643334847054,
1643334847082,
1643334847116,
1643334847153,
1643334847206,
1643334847277,
1643334847303,
1643334847337,
1643334847360,
1643334870522,
1643334870559,
1643334870593,
1643334870619,
1643334870661,
1643334870681,
1643334870706,
1643334870729,
1643334870752,
1643334870774,
1643334896044,
1643334896082,
1643334896111,
1643334896137,
1643334896164,
1643334896189,
1643334896217,
1643334896242,
1643334896274,
1643334896295,
1643334912577,
1643334912612,
1643334912638,
1643334912665,
1643334912710,
1643334912732,
1643334912752,
1643334912773,
1643334912794,
1643334912818,
1643334930431,
1643334930490,
1643334930515,
1643334930567,
1643334930592,
1643334930628,
1643334930662,
1643334930698,
1643334930726,
1643334930748,
1643334947177,
1643334947222,
1643334947249,
1643334947275,
1643334947305,
1643334947341,
1643334947364,
1643334947393,
1643334947426,
1643334947454,
1643334967079,
1643334967110,
1643334967154,
1643334967175,
1643334967195,
1643334967217,
1643334967240,
1643334967263,
1643334967284,
1643334967402,
1643334989517,
1643334989556,
1643334989582,
1643334989608,
1643334989638,
1643334989681,
1643334989702,
1643334989724,
1643334989744,
1643334989774,
1643335002506,
1643335002583,
1643335002619,
1643335002641,
1643335002688,
1643335002711,
1643335002731,
1643335002752,
1643335002773,
1643335002794,
1643335022252,
1643335022291,
1643335022320,
1643335022346,
1643335022371,
1643335022400,
1643335022422,
1643335022451,
1643335022480,
1643335022523,
1643335036002,
1643335036035,
1643335036061,
1643335036084,
1643335036108,
1643335036142,
1643335036169,
1643335036189,
1643335036238,
1643335036259,
1643335519960,
1643335519991,
1643335520083,
1643335520104,
1643335520127,
1643335520151,
1643335520183,
1643335520261,
1643335520310,
1643335520341,
1643335534588,
1643335534613,
1643335534634,
1643335534656,
1643335534679,
1643335534702,
1643335534733,
1643335534759,
1643335534806,
1643335534833,
1643335549685,
1643335549738,
1643335549760,
1643335549783,
1643335549816,
1643335549837,
1643335549858,
1643335549881,
1643335549902,
1643335549928,
1643335563123,
1643335563159,
1643335563184,
1643335563225,
1643335563279,
1643335563350,
1643335563378,
1643335563407,
1643335563434,
1643335563459,
1643335578099,
1643335578134,
1643335578161,
1643335578226,
1643335578269,
1643335578304,
1643335578329,
1643335578349,
1643335578370,
1643335578392,
1643335594769,
1643335594799,
1643335594826,
1643335594848,
1643335594873,
1643335594929,
1643335594963,
1643335595003,
1643335595028,
1643335595053,
1643335608294,
1643335608330,
1643335608352,
1643335608403,
1643335608425,
1643335608672,
1643335608693,
1643335608712,
1643335608732,
1643335608754,
1643335630899,
1643335630964,
1643335631003,
1643335631064,
1643335631127,
1643335631168,
1643335631214,
1643335631466,
1643335631522,
1643335631568,
1643335654334,
1643335654367,
1643335654395,
1643335654428,
1643335654452,
1643335654473,
1643335654507,
1643335654547,
1643335654571,
1643335654628,
1643335675869,
1643335675904,
1643335675929,
1643335675955,
1643335675980,
1643335676005,
1643335676030,
1643335676055,
1643335676079,
1643335676107,
1643335692803,
1643335692863,
1643335692886,
1643335692912,
1643335692936,
1643335692963,
1643335692990,
1643335693028,
1643335693053,
1643335693079,
1643335706512,
1643335706546,
1643335706571,
1643335706599,
1643335706626,
1643335706652,
1643335706684,
1643335706720,
1643335706757,
1643335706802,
1643335720750,
1643335720782,
1643335720807,
1643335720832,
1643335720858,
1643335720882,
1643335720939,
1643335720967,
1643335720989,
1643335721014,
1643335733323,
1643335733382,
1643335733454,
1643335733535,
1643335733600,
1643335733660,
1643335733704,
1643335733731,
1643335733787,
1643335733836,
1643335746585,
1643335746620,
1643335746643,
1643335746668,
1643335746688,
1643335746714,
1643335746745,
1643335746765,
1643335746786,
1643335746807,
1643335760384,
1643335760422,
1643335760444,
1643335760497,
1643335760521,
1643335760548,
1643335760578,
1643335760640,
1643335760681,
1643335760738,
1643335782092,
1643335782127,
1643335782154,
1643335782182,
1643335782214,
1643335782249,
1643335782276,
1643335782301,
1643335782328,
1643335782355,
1643335801661,
1643335801698,
1643335801723,
1643335801752,
1643335801783,
1643335801804,
1643335801829,
1643335801858,
1643335801880,
1643335801907,
1643335818525,
1643335818557,
1643335818605,
1643335818630,
1643335818655,
1643335818682,
1643335818709,
1643335818735,
1643335818770,
1643335818797,
1643335832071,
1643335832133,
1643335832161,
1643335832193,
1643335832218,
1643335832247,
1643335832270,
1643335832322,
1643335832347,
1643335832379,
1643335844389,
1643335844445,
1643335844470,
1643335844494,
1643335844519,
1643335844545,
1643335844571,
1643335844600,
1643335844656,
1643335844692,
1643335864749,
1643335864815,
1643335864851,
1643335864878,
1643335864903,
1643335864927,
1643335864964,
1643335865003,
1643335865025,
1643335865047,
1643335878428,
1643335878516,
1643335878536,
1643335878556,
1643335878608,
1643335878632,
1643335878660,
1643335878688,
1643335878719,
1643335878746,
1643335895425,
1643335895457,
1643335895484,
1643335895517,
1643335895548,
1643335895571,
1643335895598,
1643335895623,
1643335895647,
1643335895668,
1643335911573,
1643335911671,
1643335911691,
1643335911712,
1643335911732,
1643335911773,
1643335911799,
1643335911827,
1643335911865,
1643335911885,
1643335925981,
1643335926013,
1643335926037,
1643335926061,
1643335926081,
1643335926105,
1643335926135,
1643335926196,
1643335926218,
1643335926239,
1643335941756,
1643335941793,
1643335941883,
1643335941919,
1643335941948,
1643335941976,
1643335942014,
1643335942034,
1643335942056,
1643335942081,
1643335962672,
1643335962709,
1643335962734,
1643335962760,
1643335962781,
1643335962806,
1643335962832,
1643335962865,
1643335962900,
1643335962930,
1643335977733,
1643335977792,
1643335977813,
1643335977864,
1643335977898,
1643335977930,
1643335978011,
1643335978057,
1643335978093,
1643335978118,
1643335991359,
1643335991397,
1643335991423,
1643335991447,
1643335991471,
1643335991501,
1643335991537,
1643335991567,
1643335991599,
1643335991619,
