1643334549092,
1643334549467,
1643334549492,
1643334549519,
1643334549548,
1643334549572,
1643334549596,
1643334549623,
1643334549647,
1643334549673,
1643334563339,
1643334563389,
1643334563426,
1643334563458,
1643334563496,
1643334563527,
1643334563558,
1643334563589,
1643334563623,
1643334563654,
1643334579938,
1643334579998,
1643334580029,
1643334580127,
1643334580178,
1643334580245,
1643334580273,
1643334580318,
1643334580365,
1643334580409,
1643334598282,
1643334598319,
1643334598348,
1643334598379,
1643334598402,
1643334598427,
1643334598452,
1643334598536,
1643334598565,
1643334598611,
1643334611907,
1643334611944,
1643334611971,
1643334611995,
1643334612024,
1643334612046,
1643334612070,
1643334612094,
1643334612117,
1643334612142,
1643334624511,
1643334624544,
1643334624600,
1643334624636,
1643334624666,
1643334624695,
1643334624748,
1643334624772,
1643334624815,
1643334624869,
1643334638185,
1643334638222,
1643334638250,
1643334638322,
1643334638351,
1643334638377,
1643334638404,
1643334638427,
1643334638451,
1643334638476,
1643334656480,
1643334656513,
1643334656543,
1643334656566,
1643334656594,
1643334656620,
1643334656642,
1643334656681,
1643334656715,
1643334656743,
1643334670374,
1643334670421,
1643334670443,
1643334670464,
1643334670492,
1643334670515,
1643334670542,
1643334670565,
1643334670588,
1643334670610,
1643334684284,
1643334684318,
1643334684354,
1643334684445,
1643334684467,
1643334684488,
1643334684541,
1643334684564,
1643334684586,
1643334684613,
1643334699501,
1643334699544,
1643334699570,
1643334699593,
1643334699617,
1643334699643,
1643334699671,
1643334699791,
1643334699846,
1643334699869,
1643334713688,
1643334713721,
1643334713742,
1643334713774,
1643334713842,
1643334713885,
1643334713919,
1643334713955,
1643334713977,
1643334714000,
1643334741279,
1643334741319,
1643334741345,
1643334741370,
1643334741395,
1643334741424,
1643334741464,
1643334741494,
1643334741523,
1643334741560,
1643334754797,
1643334754836,
1643334754857,
1643334754878,
1643334754901,
1643334754927,
1643334754950,
1643334754972,
1643334755009,
1643334755033,
1643334772382,
1643334772417,
1643334772448,
1643334772473,
1643334772501,
1643334772550,
1643334772572,
1643334772599,
1643334772631,
1643334772657,
1643334792929,
1643334792965,
1643334792990,
1643334793018,
1643334793049,
1643334793077,
1643334793139,
1643334793169,
1643334793196,
1643334793219,
1643334805340,
1643334805376,
1643334805398,
1643334805424,
1643334805447,
1643334805474,
1643334805504,
1643334805549,
1643334805572,
1643334805596,
1643334819138,
1643334819183,
1643334819209,
1643334819234,
1643334819272,
1643334819299,
1643334819326,
1643334819354,
1643334819378,
1643334819401,
1643334831714,
1643334831747,
1643334831773,
1643334831799,
1643334831823,
1643334831852,
1643334831878,
1643334831905,
1643334831946,
1643334832000,
1643334846967,
1643334847051,
1643334847077,
1643334847112,
1643334847150,
1643334847204,
1643334847274,
1643334847301,
1643334847336,
1643334847358,
1643334870520,
1643334870556,
1643334870591,
1643334870617,
1643334870659,
1643334870679,
1643334870703,
1643334870727,
1643334870750,
1643334870772,
1643334896041,
1643334896080,
1643334896109,
1643334896135,
1643334896162,
1643334896187,
1643334896215,
1643334896239,
1643334896272,
1643334896293,
1643334912575,
1643334912610,
1643334912636,
1643334912663,
1643334912708,
1643334912730,
1643334912750,
1643334912771,
1643334912791,
1643334912815,
1643334930428,
1643334930487,
1643334930514,
1643334930565,
1643334930590,
1643334930623,
1643334930658,
1643334930695,
1643334930722,
1643334930746,
1643334947175,
1643334947220,
1643334947247,
1643334947273,
1643334947303,
1643334947338,
1643334947361,
1643334947390,
1643334947422,
1643334947452,
1643334967077,
1643334967108,
1643334967152,
1643334967173,
1643334967194,
1643334967214,
1643334967237,
1643334967261,
1643334967282,
1643334967396,
1643334989515,
1643334989553,
1643334989580,
1643334989606,
1643334989635,
1643334989679,
1643334989700,
1643334989722,
1643334989742,
1643334989772,
1643335002504,
1643335002581,
1643335002617,
1643335002639,
1643335002686,
1643335002709,
1643335002729,
1643335002749,
1643335002771,
1643335002792,
1643335022250,
1643335022289,
1643335022319,
1643335022344,
1643335022369,
1643335022399,
1643335022420,
1643335022448,
1643335022476,
1643335022520,
1643335036000,
1643335036033,
1643335036059,
1643335036082,
1643335036106,
1643335036140,
1643335036167,
1643335036188,
1643335036236,
1643335036257,
1643335519957,
1643335519988,
1643335520081,
1643335520101,
1643335520125,
1643335520148,
1643335520177,
1643335520259,
1643335520301,
1643335520335,
1643335534577,
1643335534611,
1643335534633,
1643335534654,
1643335534677,
1643335534698,
1643335534726,
1643335534757,
1643335534804,
1643335534826,
1643335549683,
1643335549736,
1643335549757,
1643335549781,
1643335549814,
1643335549835,
1643335549855,
1643335549879,
1643335549900,
1643335549925,
1643335563119,
1643335563156,
1643335563180,
1643335563222,
1643335563276,
1643335563347,
1643335563375,
1643335563405,
1643335563430,
1643335563457,
1643335578098,
1643335578131,
1643335578160,
1643335578223,
1643335578267,
1643335578302,
1643335578327,
1643335578347,
1643335578368,
1643335578390,
1643335594766,
1643335594798,
1643335594825,
1643335594846,
1643335594871,
1643335594927,
1643335594956,
1643335595000,
1643335595025,
1643335595050,
1643335608292,
1643335608328,
1643335608350,
1643335608401,
1643335608423,
1643335608671,
1643335608691,
1643335608710,
1643335608730,
1643335608753,
1643335630897,
1643335630962,
1643335631000,
1643335631058,
1643335631125,
1643335631165,
1643335631209,
1643335631461,
1643335631517,
1643335631561,
1643335654330,
1643335654365,
1643335654393,
1643335654425,
1643335654449,
1643335654471,
1643335654498,
1643335654544,
1643335654569,
1643335654626,
1643335675866,
1643335675902,
1643335675927,
1643335675952,
1643335675978,
1643335676003,
1643335676028,
1643335676053,
1643335676077,
1643335676104,
1643335692801,
1643335692861,
1643335692884,
1643335692910,
1643335692934,
1643335692961,
1643335692988,
1643335693026,
1643335693051,
1643335693077,
1643335706510,
1643335706544,
1643335706569,
1643335706596,
1643335706623,
1643335706650,
1643335706675,
1643335706716,
1643335706754,
1643335706800,
1643335720747,
1643335720780,
1643335720805,
1643335720830,
1643335720856,
1643335720879,
1643335720937,
1643335720964,
1643335720987,
1643335721012,
1643335733321,
1643335733379,
1643335733448,
1643335733527,
1643335733598,
1643335733654,
1643335733701,
1643335733729,
1643335733785,
1643335733831,
1643335746582,
1643335746618,
1643335746640,
1643335746665,
1643335746686,
1643335746712,
1643335746744,
1643335746763,
1643335746784,
1643335746806,
1643335760381,
1643335760419,
1643335760442,
1643335760494,
1643335760519,
1643335760546,
1643335760576,
1643335760634,
1643335760678,
1643335760735,
1643335782090,
1643335782125,
1643335782152,
1643335782179,
1643335782206,
1643335782248,
1643335782274,
1643335782299,
1643335782325,
1643335782354,
1643335801659,
1643335801695,
1643335801721,
1643335801749,
1643335801780,
1643335801802,
1643335801828,
1643335801857,
1643335801878,
1643335801904,
1643335818523,
1643335818556,
1643335818603,
1643335818628,
1643335818653,
1643335818680,
1643335818708,
1643335818728,
1643335818765,
1643335818794,
1643335832069,
1643335832130,
1643335832158,
1643335832191,
1643335832216,
1643335832245,
1643335832268,
1643335832320,
1643335832345,
1643335832377,
1643335844385,
1643335844443,
1643335844468,
1643335844493,
1643335844517,
1643335844543,
1643335844568,
1643335844597,
1643335844654,
1643335844685,
1643335864742,
1643335864808,
1643335864848,
1643335864876,
1643335864901,
1643335864924,
1643335864962,
1643335865001,
1643335865023,
1643335865045,
1643335878426,
1643335878514,
1643335878535,
1643335878555,
1643335878603,
1643335878630,
1643335878658,
1643335878685,
1643335878715,
1643335878743,
1643335895422,
1643335895455,
1643335895483,
1643335895514,
1643335895546,
1643335895569,
1643335895596,
1643335895620,
1643335895646,
1643335895666,
1643335911571,
1643335911669,
1643335911689,
1643335911710,
1643335911730,
1643335911771,
1643335911797,
1643335911824,
1643335911863,
1643335911883,
1643335925979,
1643335926012,
1643335926035,
1643335926059,
1643335926079,
1643335926103,
1643335926127,
1643335926191,
1643335926216,
1643335926236,
1643335941754,
1643335941791,
1643335941879,
1643335941916,
1643335941947,
1643335941974,
1643335942012,
1643335942032,
1643335942054,
1643335942078,
1643335962670,
1643335962707,
1643335962731,
1643335962758,
1643335962779,
1643335962803,
1643335962830,
1643335962859,
1643335962897,
1643335962925,
1643335977731,
1643335977790,
1643335977811,
1643335977862,
1643335977896,
1643335977928,
1643335978004,
1643335978049,
1643335978091,
1643335978116,
1643335991357,
1643335991395,
1643335991420,
1643335991445,
1643335991468,
1643335991495,
1643335991534,
1643335991563,
1643335991598,
1643335991617,
