1643340767433,
1643340767460,
1643340767489,
1643340767537,
1643340767556,
1643340767576,
1643340767594,
1643340767618,
1643340767648,
1643340767676,
1643340783800,
1643340783852,
1643340783902,
1643340783926,
1643340783956,
1643340783988,
1643340784031,
1643340784058,
1643340784115,
1643340784148,
1643340795039,
1643340795127,
1643340795199,
1643340795257,
1643340795298,
1643340795335,
1643340795354,
1643340795408,
1643340795446,
1643340795515,
1643340808288,
1643340808319,
1643340808353,
1643340808379,
1643340808402,
1643340808444,
1643340808462,
1643340808480,
1643340808515,
1643340808544,
1643340823330,
1643340823362,
1643340823385,
1643340823413,
1643340823440,
1643340823465,
1643340823489,
1643340823517,
1643340823544,
1643340823602,
1643340834570,
1643340834610,
1643340834672,
1643340834771,
1643340834815,
1643340834849,
1643340834872,
1643340834898,
1643340834921,
1643340834963,
1643340852016,
1643340852050,
1643340852074,
1643340852102,
1643340852180,
1643340852214,
1643340852253,
1643340852290,
1643340852323,
1643340852352,
1643340871575,
1643340871635,
1643340871662,
1643340871685,
1643340871713,
1643340871737,
1643340871762,
1643340871790,
1643340871817,
1643340871845,
1643340885691,
1643340885727,
1643340885754,
1643340885779,
1643340885810,
1643340885847,
1643340885917,
1643340885986,
1643340886025,
1643340886058,
1643340900181,
1643340900239,
1643340900271,
1643340900290,
1643340900312,
1643340900359,
1643340900414,
1643340900464,
1643340900528,
1643340900549,
1643340912207,
1643340912242,
1643340912266,
1643340912296,
1643340912350,
1643340912433,
1643340912464,
1643340912507,
1643340912538,
1643340912595,
1643340929071,
1643340929103,
1643340929129,
1643340929156,
1643340929178,
1643340929239,
1643340929259,
1643340929277,
1643340929300,
1643340929318,
1643340941166,
1643340941196,
1643340941217,
1643340941241,
1643340941281,
1643340941299,
1643340941318,
1643340941368,
1643340941390,
1643340941420,
1643340954236,
1643340954262,
1643340954308,
1643340954329,
1643340954349,
1643340954369,
1643340954389,
1643340954417,
1643340954440,
1643340954477,
1643340981590,
1643340981631,
1643340981656,
1643340981680,
1643340981703,
1643340981733,
1643340981755,
1643340981782,
1643340981826,
1643340981891,
1643340996236,
1643340996270,
1643340996291,
1643340996313,
1643340996337,
1643340996361,
1643340996391,
1643340996415,
1643340996440,
1643340996462,
1643341009722,
1643341009751,
1643341009776,
1643341009800,
1643341009822,
1643341009865,
1643341009892,
1643341009913,
1643341009936,
1643341009965,
1643341027591,
1643341027622,
1643341027648,
1643341027674,
1643341027714,
1643341027732,
1643341027752,
1643341027778,
1643341027805,
1643341027836,
1643341043756,
1643341043813,
1643341043838,
1643341043901,
1643341043956,
1643341044027,
1643341044061,
1643341044136,
1643341044178,
1643341044231,
1643341063559,
1643341063577,
1643341063596,
1643341063618,
1643341063644,
1643341063684,
1643341063711,
1643341063734,
1643341063759,
1643341063801,
1643341080325,
1643341080359,
1643341080395,
1643341080434,
1643341080463,
1643341080487,
1643341080515,
1643341080548,
1643341080580,
1643341080604,
1643341092420,
1643341092454,
1643341092485,
1643341092510,
1643341092531,
1643341092557,
1643341092585,
1643341092613,
1643341092651,
1643341092728,
1643341103924,
1643341103983,
1643341104071,
1643341104089,
1643341104109,
1643341104160,
1643341104191,
1643341104231,
1643341104253,
1643341104303,
1643341117106,
1643341117138,
1643341117162,
1643341117190,
1643341117212,
1643341117236,
1643341117278,
1643341117324,
1643341117357,
1643341117393,
1643341133967,
1643341134049,
1643341134072,
1643341134092,
1643341134114,
1643341134144,
1643341134176,
1643341134205,
1643341134251,
1643341134277,
1643341156712,
1643341156735,
1643341156764,
1643341156786,
1643341156812,
1643341156860,
1643341156887,
1643341156933,
1643341156957,
1643341156984,
1643341172533,
1643341172572,
1643341172598,
1643341172619,
1643341172644,
1643341172694,
1643341172714,
1643341172745,
1643341172764,
1643341172806,
1643341189121,
1643341189211,
1643341189239,
1643341189271,
1643341189303,
1643341189328,
1643341189360,
1643341189396,
1643341189423,
1643341189458,
1643341205323,
1643341205356,
1643341205384,
1643341205410,
1643341205434,
1643341205465,
1643341205494,
1643341205531,
1643341205564,
1643341205596,
1643341220541,
1643341220604,
1643341220631,
1643341220659,
1643341220685,
1643341220727,
1643341220768,
1643341220802,
1643341220831,
1643341220855,
1643342261636,
1643342261684,
1643342261714,
1643342261738,
1643342261764,
1643342261801,
1643342261827,
1643342261860,
1643342261883,
1643342261910,
1643342278517,
1643342278544,
1643342278568,
1643342278593,
1643342278616,
1643342278646,
1643342278677,
1643342278712,
1643342278771,
1643342278796,
1643342292058,
1643342292090,
1643342292164,
1643342292206,
1643342292234,
1643342292260,
1643342292282,
1643342292323,
1643342292353,
1643342292379,
1643342310871,
1643342310904,
1643342310927,
1643342310960,
1643342310979,
1643342311004,
1643342311036,
1643342311067,
1643342311097,
1643342311160,
1643342328865,
1643342328943,
1643342328978,
1643342329011,
1643342329036,
1643342329063,
1643342329087,
1643342329115,
1643342329140,
1643342329175,
1643342340808,
1643342340844,
1643342340868,
1643342340894,
1643342341134,
1643342341157,
1643342341184,
1643342341210,
1643342341233,
1643342341255,
1643342353750,
1643342353799,
1643342353838,
1643342353856,
1643342353875,
1643342353898,
1643342354145,
1643342354168,
1643342354191,
1643342354215,
1643342368366,
1643342368397,
1643342368436,
1643342368468,
1643342368490,
1643342368531,
1643342368558,
1643342368623,
1643342368680,
1643342368719,
1643342381785,
1643342381818,
1643342381843,
1643342381868,
1643342381892,
1643342381917,
1643342381940,
1643342381977,
1643342382009,
1643342382033,
1643342395837,
1643342395871,
1643342395893,
1643342395915,
1643342395937,
1643342395961,
1643342395992,
1643342396032,
1643342396070,
1643342396098,
1643342471956,
1643342472010,
1643342472037,
1643342472064,
1643342472092,
1643342472118,
1643342472165,
1643342472186,
1643342472218,
1643342472273,
1643342495181,
1643342495214,
1643342495239,
1643342495261,
1643342495284,
1643342495308,
1643342495332,
1643342495365,
1643342495392,
1643342495424,
1643342510051,
1643342510073,
1643342510106,
1643342510128,
1643342510152,
1643342510202,
1643342510230,
1643342510262,
1643342510309,
1643342510334,
1643342527730,
1643342527789,
1643342527821,
1643342527849,
1643342527879,
1643342527914,
1643342527989,
1643342528030,
1643342528071,
1643342528097,
1643342539896,
1643342539914,
1643342539949,
1643342539967,
1643342540027,
1643342540045,
1643342540064,
1643342540292,
1643342540315,
1643342540340,
1643342552809,
1643342552838,
1643342552866,
1643342552931,
1643342552958,
1643342553040,
1643342553077,
1643342553116,
1643342553242,
1643342553266,
1643342567614,
1643342567649,
1643342567670,
1643342567921,
1643342567944,
1643342567967,
1643342567990,
1643342568013,
1643342568036,
1643342568059,
1643342584824,
1643342584858,
1643342584884,
1643342584909,
1643342584981,
1643342585027,
1643342585068,
1643342585128,
1643342585161,
1643342585197,
1643342600104,
1643342600136,
1643342600197,
1643342600223,
1643342600248,
1643342600281,
1643342600324,
1643342600366,
1643342600405,
1643342600441,
1643342616052,
1643342616084,
1643342616163,
1643342616203,
1643342616240,
1643342616264,
1643342616288,
1643342616321,
1643342616353,
1643342616390,
1643342633988,
1643342634018,
1643342634047,
1643342634065,
1643342634100,
1643342634134,
1643342634154,
1643342634188,
1643342634227,
1643342634260,
1643342647015,
1643342647033,
1643342647053,
1643342647077,
1643342647104,
1643342647129,
1643342647157,
1643342647187,
1643342647232,
1643342647260,
1643342661761,
1643342661815,
1643342661929,
1643342661950,
1643342661972,
1643342661991,
1643342662010,
1643342662038,
1643342662059,
1643342662081,
1643342676050,
1643342676083,
1643342676107,
1643342676131,
1643342676157,
1643342676179,
1643342676209,
1643342676247,
1643342676319,
1643342676355,
1643342690339,
1643342690370,
1643342690393,
1643342690454,
1643342690479,
1643342690505,
1643342690528,
1643342690558,
1643342690593,
1643342690629,
1643342703312,
1643342703342,
1643342703390,
1643342703414,
1643342703439,
1643342703486,
1643342703507,
1643342703538,
1643342703559,
1643342703589,
1643342719456,
1643342719497,
1643342719515,
1643342719559,
1643342719577,
1643342719596,
1643342719613,
1643342719635,
1643342719662,
1643342719693,
1643342733221,
1643342733257,
1643342733284,
1643342733355,
1643342733383,
1643342733416,
1643342733476,
1643342733572,
1643342733610,
1643342733650,
1643342753158,
1643342753215,
1643342753234,
1643342753304,
1643342753339,
1643342753386,
1643342753432,
1643342753476,
1643342753513,
1643342753564,
1643342765412,
1643342765461,
1643342765486,
1643342765512,
1643342765534,
1643342765559,
1643342765591,
1643342765652,
1643342765686,
1643342765719,
