1643340767435,
1643340767462,
1643340767490,
1643340767538,
1643340767558,
1643340767577,
1643340767595,
1643340767619,
1643340767650,
1643340767679,
1643340783801,
1643340783853,
1643340783903,
1643340783927,
1643340783959,
1643340783992,
1643340784032,
1643340784059,
1643340784118,
1643340784152,
1643340795042,
1643340795130,
1643340795200,
1643340795260,
1643340795300,
1643340795336,
1643340795355,
1643340795411,
1643340795449,
1643340795516,
1643340808289,
1643340808320,
1643340808354,
1643340808380,
1643340808403,
1643340808445,
1643340808463,
1643340808483,
1643340808517,
1643340808546,
1643340823331,
1643340823363,
1643340823386,
1643340823413,
1643340823442,
1643340823466,
1643340823491,
1643340823518,
1643340823546,
1643340823607,
1643340834572,
1643340834612,
1643340834676,
1643340834773,
1643340834817,
1643340834851,
1643340834874,
1643340834899,
1643340834922,
1643340834967,
1643340852018,
1643340852051,
1643340852075,
1643340852103,
1643340852182,
1643340852217,
1643340852256,
1643340852294,
1643340852324,
1643340852353,
1643340871579,
1643340871636,
1643340871664,
1643340871686,
1643340871715,
1643340871738,
1643340871764,
1643340871792,
1643340871820,
1643340871847,
1643340885693,
1643340885730,
1643340885755,
1643340885780,
1643340885811,
1643340885848,
1643340885922,
1643340885989,
1643340886027,
1643340886060,
1643340900184,
1643340900240,
1643340900272,
1643340900291,
1643340900313,
1643340900361,
1643340900416,
1643340900467,
1643340900529,
1643340900551,
1643340912208,
1643340912243,
1643340912268,
1643340912297,
1643340912352,
1643340912437,
1643340912468,
1643340912510,
1643340912540,
1643340912597,
1643340929072,
1643340929104,
1643340929130,
1643340929157,
1643340929182,
1643340929241,
1643340929260,
1643340929279,
1643340929301,
1643340929319,
1643340941167,
1643340941197,
1643340941218,
1643340941242,
1643340941282,
1643340941300,
1643340941319,
1643340941369,
1643340941393,
1643340941423,
1643340954237,
1643340954263,
1643340954309,
1643340954330,
1643340954349,
1643340954369,
1643340954390,
1643340954418,
1643340954443,
1643340954482,
1643340981591,
1643340981632,
1643340981656,
1643340981681,
1643340981704,
1643340981734,
1643340981757,
1643340981785,
1643340981830,
1643340981892,
1643340996237,
1643340996271,
1643340996292,
1643340996314,
1643340996338,
1643340996362,
1643340996392,
1643340996416,
1643340996441,
1643340996464,
1643341009724,
1643341009753,
1643341009777,
1643341009801,
1643341009824,
1643341009867,
1643341009894,
1643341009915,
1643341009937,
1643341009967,
1643341027592,
1643341027623,
1643341027649,
1643341027675,
1643341027715,
1643341027733,
1643341027754,
1643341027779,
1643341027807,
1643341027837,
1643341043757,
1643341043814,
1643341043839,
1643341043902,
1643341043960,
1643341044029,
1643341044062,
1643341044139,
1643341044179,
1643341044233,
1643341063560,
1643341063578,
1643341063597,
1643341063620,
1643341063645,
1643341063685,
1643341063712,
1643341063735,
1643341063761,
1643341063803,
1643341080326,
1643341080362,
1643341080398,
1643341080435,
1643341080464,
1643341080488,
1643341080517,
1643341080550,
1643341080582,
1643341080605,
1643341092421,
1643341092456,
1643341092486,
1643341092511,
1643341092532,
1643341092558,
1643341092586,
1643341092614,
1643341092655,
1643341092731,
1643341103925,
1643341103984,
1643341104072,
1643341104090,
1643341104110,
1643341104163,
1643341104195,
1643341104233,
1643341104254,
1643341104306,
1643341117107,
1643341117139,
1643341117164,
1643341117191,
1643341117213,
1643341117239,
1643341117282,
1643341117327,
1643341117359,
1643341117395,
1643341133969,
1643341134050,
1643341134073,
1643341134092,
1643341134115,
1643341134145,
1643341134177,
1643341134208,
1643341134253,
1643341134280,
1643341156713,
1643341156737,
1643341156765,
1643341156787,
1643341156816,
1643341156861,
1643341156889,
1643341156936,
1643341156959,
1643341156985,
1643341172535,
1643341172573,
1643341172599,
1643341172620,
1643341172645,
1643341172695,
1643341172715,
1643341172745,
1643341172765,
1643341172810,
1643341189125,
1643341189213,
1643341189241,
1643341189273,
1643341189305,
1643341189330,
1643341189362,
1643341189398,
1643341189427,
1643341189460,
1643341205324,
1643341205357,
1643341205385,
1643341205410,
1643341205436,
1643341205467,
1643341205496,
1643341205533,
1643341205567,
1643341205598,
1643341220545,
1643341220605,
1643341220632,
1643341220660,
1643341220689,
1643341220730,
1643341220771,
1643341220804,
1643341220833,
1643341220856,
1643342261640,
1643342261685,
1643342261715,
1643342261740,
1643342261768,
1643342261802,
1643342261828,
1643342261861,
1643342261885,
1643342261913,
1643342278518,
1643342278545,
1643342278569,
1643342278594,
1643342278617,
1643342278648,
1643342278679,
1643342278715,
1643342278773,
1643342278798,
1643342292059,
1643342292091,
1643342292167,
1643342292207,
1643342292235,
1643342292261,
1643342292286,
1643342292325,
1643342292354,
1643342292380,
1643342310872,
1643342310905,
1643342310928,
1643342310961,
1643342310980,
1643342311007,
1643342311038,
1643342311070,
1643342311099,
1643342311163,
1643342328866,
1643342328946,
1643342328980,
1643342329012,
1643342329037,
1643342329064,
1643342329088,
1643342329116,
1643342329144,
1643342329178,
1643342340809,
1643342340846,
1643342340869,
1643342340895,
1643342341137,
1643342341159,
1643342341187,
1643342341213,
1643342341235,
1643342341258,
1643342353751,
1643342353800,
1643342353839,
1643342353857,
1643342353875,
1643342353900,
1643342354148,
1643342354171,
1643342354194,
1643342354218,
1643342368367,
1643342368398,
1643342368437,
1643342368469,
1643342368494,
1643342368533,
1643342368561,
1643342368626,
1643342368682,
1643342368721,
1643342381787,
1643342381819,
1643342381844,
1643342381869,
1643342381893,
1643342381918,
1643342381941,
1643342381979,
1643342382011,
1643342382035,
1643342395838,
1643342395872,
1643342395894,
1643342395916,
1643342395938,
1643342395963,
1643342395995,
1643342396035,
1643342396073,
1643342396100,
1643342471960,
1643342472011,
1643342472039,
1643342472066,
1643342472094,
1643342472120,
1643342472168,
1643342472188,
1643342472221,
1643342472275,
1643342495182,
1643342495215,
1643342495239,
1643342495262,
1643342495285,
1643342495309,
1643342495334,
1643342495368,
1643342495395,
1643342495426,
1643342510052,
1643342510075,
1643342510107,
1643342510129,
1643342510153,
1643342510204,
1643342510232,
1643342510264,
1643342510310,
1643342510338,
1643342527736,
1643342527791,
1643342527822,
1643342527850,
1643342527881,
1643342527917,
1643342527994,
1643342528033,
1643342528073,
1643342528099,
1643342539897,
1643342539915,
1643342539950,
1643342539968,
1643342540028,
1643342540046,
1643342540064,
1643342540295,
1643342540318,
1643342540343,
1643342552811,
1643342552839,
1643342552867,
1643342552932,
1643342552959,
1643342553043,
1643342553080,
1643342553118,
1643342553245,
1643342553269,
1643342567615,
1643342567650,
1643342567672,
1643342567924,
1643342567947,
1643342567970,
1643342567993,
1643342568016,
1643342568039,
1643342568062,
1643342584825,
1643342584859,
1643342584885,
1643342584910,
1643342584985,
1643342585030,
1643342585071,
1643342585132,
1643342585163,
1643342585200,
1643342600105,
1643342600137,
1643342600198,
1643342600224,
1643342600250,
1643342600283,
1643342600326,
1643342600369,
1643342600409,
1643342600443,
1643342616053,
1643342616085,
1643342616165,
1643342616206,
1643342616241,
1643342616265,
1643342616289,
1643342616325,
1643342616356,
1643342616395,
1643342633989,
1643342634019,
1643342634048,
1643342634066,
1643342634101,
1643342634136,
1643342634157,
1643342634191,
1643342634230,
1643342634263,
1643342647016,
1643342647034,
1643342647054,
1643342647079,
1643342647106,
1643342647130,
1643342647159,
1643342647189,
1643342647234,
1643342647263,
1643342661762,
1643342661816,
1643342661931,
1643342661952,
1643342661973,
1643342661992,
1643342662013,
1643342662040,
1643342662062,
1643342662084,
1643342676051,
1643342676084,
1643342676108,
1643342676132,
1643342676158,
1643342676180,
1643342676210,
1643342676251,
1643342676324,
1643342676358,
1643342690340,
1643342690372,
1643342690394,
1643342690455,
1643342690481,
1643342690506,
1643342690530,
1643342690560,
1643342690596,
1643342690632,
1643342703313,
1643342703343,
1643342703391,
1643342703415,
1643342703442,
1643342703487,
1643342703509,
1643342703539,
1643342703561,
1643342703592,
1643342719457,
1643342719498,
1643342719516,
1643342719560,
1643342719578,
1643342719597,
1643342719615,
1643342719637,
1643342719664,
1643342719695,
1643342733222,
1643342733258,
1643342733285,
1643342733357,
1643342733385,
1643342733418,
1643342733479,
1643342733575,
1643342733614,
1643342733651,
1643342753159,
1643342753216,
1643342753235,
1643342753306,
1643342753343,
1643342753390,
1643342753436,
1643342753479,
1643342753516,
1643342753566,
1643342765414,
1643342765462,
1643342765487,
1643342765513,
1643342765535,
1643342765560,
1643342765594,
1643342765655,
1643342765689,
1643342765721,
