53159491,
5235975,
4787014,
3976286,
3254617,
4146304,
3266123,
3316583,
2981685,
3319352,
3260034,
3006579,
4279919,
2938643,
12968704,
15627804,
11036290,
12405627,
4135385,
15720827,
10391194,
16565438,
8028721,
2694511,
2816347,
2845591,
3435330,
3034666,
3908396,
2864882,
2838395,
3112879,
3543892,
3317362,
3879710,
3760705,
3890597,
4096977,
3922579,
3585511,
3414695,
3957814,
3492140,
3139620,
2967394,
3724147,
3932665,
4224725,
3325113,
2848410,
8441546,
10902366,
11180578,
8307136,
11131769,
8840101,
13430732,
9687995,
11002341,
9897039,
11852818,
10516768,
9306442,
13479291,
10749076,
3278924,
2050978,
2040702,
1904156,
2065216,
2440519,
3694763,
4125754,
4590048,
3030442,
2741296,
2295782,
2283008,
2067592,
2216034,
1990400,
2021712,
2046095,
2186631,
2206468,
3382892,
2868603,
8502084,
10335646,
12487367,
3981463,
2759483,
2337500,
2388086,
2186286,
2319451,
2131324,
2164647,
2153367,
3079782,
3134110,
2970101,
2409297,
2327462,
3245406,
2133465,
2133340,
2062475,
2701301,
3393748,
8372183,
4117479,
3400926,
4347681,
3396065,
8939633,
3238269,
2307777,
2308353,
7260868,
5006452,
3985926,
3695658,
3994378,
3564385,
7819861,
11819686,
5365366,
2624293,
2788697,
2097585,
1744239,
2070044,
2144237,
2238226,
3543487,
3305865,
2852314,
2175960,
2172808,
2369481,
2878375,
2181737,
3251985,
3610861,
3090829,
1979684,
1744192,
2087962,
1879941,
1948203,
2317467,
7768788,
3281981,
3184597,
3429240,
3327854,
3364263,
3898438,
3709832,
2876516,
2521632,
2562609,
3624909,
1767358,
1920692,
2359800,
2243109,
2671870,
2539124,
1754884,
2995225,
2083849,
1889866,
2123341,
3239294,
3044797,
2527250,
2143566,
7214094,
7568512,
2320098,
1990203,
7311931,
7792878,
3279873,
1976185,
1842458,
2393902,
2190125,
3181440,
2906872,
2092300,
2243963,
2072160,
1772543,
1743675,
2691539,
1641496,
1738409,
2393471,
7318103,
9374467,
6505610,
4906080,
3818539,
4150595,
3378352,
3304547,
3375461,
2188145,
1638178,
1786724,
1678534,
1738995,
1664272,
1666719,
1777686,
1720326,
2687733,
1715321,
2120697,
2334855,
2728508,
2016373,
2089422,
2288034,
2530007,
2101116,
2301949,
2022161,
2124928,
2653094,
1955030,
2016005,
1800074,
2076093,
3503270,
2391528,
2187858,
2151229,
2102795,
2438710,
1908829,
3127337,
1928870,
2548921,
2153806,
2344770,
2304238,
2351602,
2229346,
2252228,
3097215,
4251185,
2109202,
1659568,
4032574,
2323633,
1980790,
1785138,
1965163,
3210702,
3260722,
3017734,
1937599,
1682821,
1696541,
1973012,
1664137,
1669218,
6163991,
4528254,
3488513,
1697535,
1698098,
1905685,
2039749,
1812736,
2149625,
2333464,
2458087,
2705922,
2181314,
1711995,
2028256,
1835769,
7080227,
6543167,
2657607,
2527774,
4784224,
4366024,
1759075,
1677111,
1680248,
1492238,
3055511,
1864722,
1835501,
2942224,
1645735,
2610145,
5324178,
6618063,
3996000,
3739023,
4248970,
4053859,
3746433,
4207539,
3688509,
1962210,
1821615,
1783239,
1985860,
3214302,
1916496,
2073315,
2861912,
3141160,
2502384,
4668995,
2373054,
2680225,
2616547,
3531253,
1997773,
2056259,
2026252,
3363374,
2069468,
1994850,
2099406,
1649654,
1595440,
1571154,
7305983,
2934638,
3066022,
1795119,
1984976,
2275175,
2114271,
2664103,
8195494,
5863968,
6263753,
2524513,
6595420,
6527267,
3055078,
1710196,
6037192,
7965088,
3734328,
2991292,
4002320,
2981989,
3931764,
3851092,
3815775,
3571686,
4022762,
4690968,
3873247,
3888351,
3579196,
3592834,
3650162,
5520152,
4230497,
5448892,
3901108,
3987687,
4425318,
5994520,
3733529,
5630221,
2307949,
3009294,
1907913,
2754540,
3283407,
2817277,
2407749,
1818921,
1812636,
2180800,
1907800,
2311061,
2910160,
6682005,
3140250,
1730481,
5778731,
3923034,
1987369,
1969619,
2042724,
2085117,
2489788,
2385663,
2460616,
2376543,
6326470,
6523651,
3096928,
2782126,
1987579,
3356722,
1856809,
1967856,
3049824,
1974946,
2128817,
2697410,
2996415,
2095737,
1994457,
1907533,
1969191,
2831984,
2169869,
2105619,
2075396,
2502713,
3561193,
2011932,
3103416,
2887134,
2927329,
2841859,
2737475,
2166548,
2160909,
2210638,
1727832,
1892344,
1872632,
1941865,
1835148,
2314795,
2225652,
2297272,
2329826,
2364938,
2199171,
2064819,
2100526,
2201288,
1939575,
1713898,
6644060,
2231851,
1762893,
1956796,
2679114,
1937812,
1770163,
1567557,
1633335,
2232762,
5216873,
4765870,
3648160,
3787685,
3691770,
4273852,
3838653,
3878651,
4000335,
4173319,
3849146,
4192208,
4311448,
3792873,
3511416,
2571512,
2319114,
2289410,
2398559,
2828503,
1955148,
2100220,
1707891,
1737241,
2292255,
2524686,
3151389,
4938809,
6080035,
2761141,
6654550,
6503343,
3025155,
3944083,
3146881,
3029606,
3045116,
7253116,
2920384,
1819244,
2404923,
2281785,
3184570,
6159245,
4061527,
2940392,
6103200,
6134021,
7036814,
4058999,
2720758,
2515717,
2512021,
2315487,
2575330,
3506874,
2598469,
2026469,
1667280,
1697841,
2223870,
2120936,
2928762,
3107621,
3268487,
2643283,
2595483,
1665865,
1881486,
1679045,
1614240,
1723011,
3988844,
3021036,
3900460,
6052463,
6705254,
2375436,
1981354,
3360054,
2194732,
1664002,
1840533,
1523861,
1559985,
1678668,
1794963,
1881802,
6497806,
3549618,
1767988,
1693706,
1916566,
7598562,
6270775,
2042189,
1687246,
1623435,
1704749,
1716840,
1583440,
1858211,
1659822,
2210486,
3316397,
5967457,
6291654,
3882415,
5916375,
6055942,
6105736,
6185103,
2577123,
2648789,
2450176,
2694208,
7549861,
5910556,
6335137,
3756715,
3913615,
2865029,
2097026,
5949469,
5790231,
7109207,
6373245,
3763638,
2404247,
1879230,
1598478,
1642242,
2001088,
2048276,
3868195,
3325652,
3591539,
