391547518,
34387450,
24470360,
31894364,
30603245,
100679404,
34318864,
30882878,
21545308,
23846881,
22942628,
23727767,
22475973,
24769946,
22510273,
25863836,
25166041,
21161784,
24172581,
42468011,
40127844,
33623389,
35104784,
31642115,
26140154,
37561404,
33212747,
38055882,
52984044,
21234829,
21997044,
20757372,
20989733,
23602387,
20309695,
20929535,
25375211,
20411104,
21513203,
20492417,
18828627,
19894788,
24517919,
21529662,
23240135,
23817636,
23678547,
20549539,
23680300,
24651376,
22410369,
20514440,
19780703,
24645076,
22704032,
24946858,
21151757,
21307524,
22830368,
23332001,
31541979,
35534032,
33240033,
36382604,
33977363,
31457702,
29518425,
35283651,
30243453,
28153944,
30265933,
32202264,
31026354,
77855995,
35574412,
32251206,
28319959,
21179754,
19849200,
21251435,
19023408,
19738317,
22005513,
19953959,
23332259,
21424023,
24090110,
21613317,
20257114,
19999023,
19532494,
22675465,
20990169,
20876917,
22348343,
22787217,
25469887,
20086916,
23616729,
22701220,
37631734,
32701483,
31289043,
24669974,
27679196,
19918687,
21932157,
21784448,
20752735,
19202822,
22552944,
22221769,
23877422,
21452167,
21204269,
17809956,
20214051,
24015842,
19277520,
22447342,
18683751,
30261429,
21238817,
23765000,
30170446,
24663020,
23099197,
23420217,
23327726,
20566336,
20030276,
20826303,
19199742,
24945816,
26676047,
24762736,
21115511,
35709029,
23568054,
26322458,
33344129,
27748921,
30557172,
26637316,
20356391,
21462854,
19414479,
19430985,
18309605,
18798518,
18828089,
20668635,
23163919,
21653503,
19162469,
19962863,
19323124,
21868346,
21510535,
21573822,
18895795,
21158540,
20473397,
23465828,
21086492,
18677108,
19076056,
20628827,
19859313,
23976933,
19381682,
20283186,
29261685,
21009994,
20560288,
23747358,
24548527,
20285977,
21921444,
21284242,
20560436,
21330640,
20436574,
24344253,
23174824,
23098385,
40449771,
24973924,
22088666,
20728287,
26091004,
26093022,
21692545,
39244025,
32034546,
21407885,
19720286,
25140738,
21572228,
21396626,
22310914,
22488924,
25879241,
25703118,
20328342,
19253209,
22474355,
28892689,
28308993,
20713506,
18223459,
21624187,
20137780,
19301655,
19833036,
19622846,
18111555,
21547305,
18891724,
20839264,
23052996,
19676922,
20020730,
19797723,
18487232,
22169439,
23366900,
27082921,
26974168,
26018985,
23589607,
21898812,
23272509,
22149484,
25315638,
19607802,
25405387,
20504467,
19610412,
26500139,
18726253,
20132978,
18839832,
18465594,
19887866,
18435757,
20548410,
18381149,
17740511,
18421777,
19827092,
20084464,
21580386,
21716984,
22647361,
21413183,
24500217,
20539129,
22255276,
20837788,
22282399,
20974907,
18123370,
22849867,
18633001,
20066202,
27757852,
20521933,
23154690,
19388978,
25383278,
18231134,
21763097,
18409546,
18580159,
19746620,
19509422,
18308797,
18850711,
18589090,
18774773,
20709491,
22433707,
29647358,
20803285,
28477922,
18135890,
22751859,
20859464,
20517365,
20003551,
19291761,
18490184,
25040630,
19360520,
20957268,
19050421,
20781566,
18793720,
19849577,
19344368,
19116718,
25937045,
25432532,
21497701,
22131511,
22428804,
18267829,
19916179,
18634649,
18351736,
20317432,
21491692,
19803060,
20222059,
18231437,
27555694,
18871505,
18932746,
46458251,
24588352,
19883427,
31280915,
23952393,
21413188,
22604652,
18305997,
19387476,
21123863,
21080432,
23190417,
20002000,
19084445,
22922347,
24705100,
23739440,
18587449,
20871779,
19010248,
19263673,
20223659,
23241124,
24405306,
23750124,
26256562,
20788206,
22349241,
33738890,
24275377,
21822966,
20340116,
20373021,
19023134,
18860117,
19901591,
20728268,
18578440,
19815076,
22054552,
19009322,
19874475,
18457752,
19697319,
19913714,
21945136,
19171538,
20626723,
20496761,
25127385,
19582599,
19785861,
21751793,
19639951,
18478665,
17966054,
19408903,
18092052,
25337786,
24021435,
26432630,
21459196,
23246691,
21935915,
18555904,
18398918,
19959627,
18716854,
19535679,
30045533,
24064049,
24319467,
18135505,
19839165,
24022245,
25661117,
26280621,
19840795,
34682493,
23624150,
28324288,
25232783,
23792047,
21085039,
25468194,
20158862,
31065310,
20712596,
20163094,
21531489,
20928901,
19966576,
21827752,
22839873,
22369171,
20458542,
22191859,
21431538,
20721555,
22250007,
21006774,
20299198,
21330605,
25099730,
24422329,
20717243,
25652062,
24928498,
22848408,
18909400,
19271150,
18290844,
20501351,
19024906,
18632460,
17932640,
19252065,
18442894,
23085779,
21125969,
18718625,
19897901,
19120931,
29264740,
24381834,
20455395,
18891861,
24857109,
27914837,
18199240,
22233111,
23395961,
17435894,
19788589,
19263986,
21506665,
28586065,
21606941,
31900330,
23256109,
28492594,
20146410,
19713534,
18427752,
18782392,
20563294,
18066134,
18228939,
20748526,
23634370,
23747540,
20117131,
18675398,
22641798,
19269668,
18287325,
20781560,
109905716,
21008078,
20444770,
17636631,
17734356,
17937897,
18431809,
17919645,
19877310,
27406128,
18192806,
18890597,
19092984,
20361544,
19428167,
24627018,
19850705,
21309928,
23864262,
21153178,
19196687,
20521000,
19154754,
21538980,
19914987,
20179958,
19604794,
18412087,
19333052,
24366551,
18296380,
17557890,
18931579,
17844509,
21225381,
20890766,
19553618,
69821900,
27918013,
20483959,
20083338,
19158459,
20999521,
19290532,
38544115,
21337631,
20578836,
22787291,
21774344,
25061720,
24132808,
23833000,
22048846,
26171240,
25050663,
18592277,
26191665,
21205439,
21291090,
22149770,
19870451,
17922862,
24054456,
21290173,
18620422,
18373709,
17990089,
25137997,
24686522,
24647969,
21693211,
25848645,
25490532,
25260404,
19720171,
18604201,
21682248,
20063641,
21410849,
24002225,
24378291,
18346994,
21067241,
19904228,
21764771,
19857693,
29641568,
153801279,
23025667,
17722351,
19854325,
19788598,
18431660,
18074840,
19161715,
33133841,
21621535,
23462377,
19449080,
18771871,
22502891,
20277583,
18775106,
41456928,
20672306,
65261030,
18262746,
17110520,
19758253,
19577831,
29338471,
19309680,
21282708,
27205588,
25559266,
25052825,
23485504,
25195998,
20136685,
20225516,
19863200,
22432946,
18152090,
19890198,
