405962417,
30561041,
31294130,
25857823,
22489394,
24428033,
26515888,
23050433,
23446071,
25732518,
24715495,
22259219,
25160131,
43516168,
42911954,
26175990,
22405182,
22440817,
23741414,
23817784,
23132101,
23939768,
21545789,
24346473,
25268838,
26829571,
23263256,
25905599,
38117292,
26027471,
28189736,
29265406,
27694809,
34197360,
24842723,
27905076,
26511734,
24047524,
25478829,
22600065,
20592537,
22021357,
21201464,
33843341,
21632964,
33032941,
23608004,
21197755,
20304979,
32955777,
27913834,
23892363,
20511252,
20440077,
23464463,
22526663,
20883861,
20199271,
23459668,
20756596,
23541259,
20589878,
20716484,
23077884,
19502014,
18822555,
22307982,
20449415,
29591128,
68870873,
22037975,
30077820,
26060990,
24952622,
25838602,
27194271,
25477047,
24603444,
34818126,
23745620,
21235996,
23172365,
30134994,
19434045,
19485247,
25173366,
35073139,
30269584,
74532113,
24409160,
19499049,
20324732,
19878283,
22199851,
19748016,
32493187,
21977468,
20073963,
20322093,
19262420,
29697446,
20920057,
23701203,
20197055,
19001688,
19443225,
19357922,
19290184,
19193455,
23414253,
32073155,
23826218,
19747528,
18774760,
20638580,
19166876,
18864024,
20419259,
33020558,
33262557,
23037797,
25833539,
29990885,
20764957,
21217438,
19890303,
23449454,
23439786,
23022203,
20366116,
20766099,
20637864,
24701576,
25390694,
25500083,
24462039,
21155829,
21699414,
27400436,
20913416,
22936595,
23286442,
20403624,
22416592,
27727570,
29641500,
30410980,
28010830,
20838364,
20393238,
22218382,
21127093,
22857003,
19948182,
22322455,
37244518,
20881886,
23392006,
22650562,
23842160,
23505592,
23325655,
23563196,
21116678,
26835658,
23107382,
24955838,
21121936,
21402706,
23641749,
23479905,
19711703,
20212979,
20068040,
27512892,
33831869,
29022444,
27340473,
22502427,
21201693,
20155229,
19379826,
18751390,
20336133,
20610253,
18241609,
19898017,
21281614,
21569872,
19596657,
19696293,
18520338,
19938774,
19170275,
18131306,
20534759,
20526753,
20686099,
17971707,
20134417,
23372443,
20655088,
19226391,
19158445,
31558864,
23259612,
47952109,
30941129,
30653863,
23614807,
19406220,
18078679,
20223277,
20506943,
23191505,
22803061,
19739017,
23766644,
19087894,
21651055,
18413321,
19693753,
19521024,
20214968,
20492808,
22360753,
42769424,
30127625,
27407719,
21535355,
21014157,
20794387,
20460250,
18422280,
32836910,
20094801,
22497112,
24035327,
33877809,
39020926,
18324178,
19205121,
24167922,
36955420,
21522132,
48746594,
21176683,
20830113,
22336569,
24394396,
20474069,
18239237,
21905454,
21127492,
20874936,
18963014,
20782702,
20458486,
19707981,
18259795,
17952346,
20222565,
19822403,
19094791,
29239262,
18852968,
24616862,
18796745,
17826613,
18800126,
18501267,
18403237,
19565265,
19805269,
22384321,
18642035,
18234613,
18706367,
18555844,
28075654,
25148917,
22169389,
18992782,
19275238,
21327901,
29329020,
26042903,
22381319,
29429159,
28799664,
21819536,
20110443,
21145428,
18384433,
36232431,
20757598,
19068866,
18781439,
18894660,
18865581,
24451259,
21458227,
22718558,
19391186,
20601303,
19221758,
19290551,
21840171,
19872475,
23092463,
32881797,
28769613,
20010152,
21267431,
26906415,
18728727,
67060183,
27830198,
31861879,
26869670,
19568324,
19598991,
20814167,
19422240,
81882175,
22223671,
17814763,
18484375,
22071658,
19124487,
20697896,
38452904,
23477302,
20318592,
22375455,
18718844,
18223590,
20287319,
31176334,
29820404,
18796424,
21926801,
21178499,
23434719,
24859272,
20052630,
23830780,
18429104,
20564502,
20636209,
18068192,
18177302,
19456370,
18774577,
20152789,
19628070,
43170483,
41950305,
23825969,
29604171,
19335378,
18942699,
23837654,
22926346,
44797739,
21810619,
20184870,
20872527,
23114891,
19940003,
19904690,
17853972,
38440224,
22264100,
25067994,
41997268,
25690233,
25887689,
26061320,
26728097,
39936660,
25270198,
44084607,
25204441,
20424131,
47767463,
40899624,
20596807,
19188085,
19834278,
17914197,
18655405,
19793866,
20750212,
31805811,
30928954,
20202382,
33099541,
19307692,
19505683,
17747137,
61631093,
27781406,
23926879,
28449137,
21702513,
24005462,
17277092,
129139607,
19824759,
28988637,
18012119,
27301374,
20752489,
17886707,
19247493,
21064851,
20625680,
20312757,
20913132,
25047220,
21301249,
20645637,
17490572,
18241950,
46240365,
19976215,
17864809,
19350534,
22321946,
23263073,
28682218,
23736194,
25241057,
27034781,
18885236,
17587543,
18994300,
20628349,
20767220,
19866865,
21752828,
20677907,
18855804,
18203721,
19072476,
18705435,
24218155,
22633218,
20403326,
22302452,
22384303,
20718444,
21886871,
20333403,
18109262,
18532089,
27993842,
20381271,
23893337,
20098212,
21959042,
40612023,
21391440,
22714804,
22739355,
27752381,
22216404,
24276451,
21551667,
41881440,
21206496,
20670304,
18299449,
18336983,
18931667,
18995965,
19218926,
22250527,
21306778,
20685821,
23573207,
18600148,
23451049,
27306444,
26058023,
33244840,
22915167,
22805416,
18443376,
22219565,
25255652,
19034738,
18847070,
18829861,
23121539,
39521542,
22196682,
20638360,
18771259,
30281953,
19027738,
18608522,
19575671,
18149422,
17156976,
17378004,
18479957,
19672734,
20194488,
25120639,
21703780,
20488333,
17757789,
17892218,
20522872,
20970795,
20518829,
21135457,
20351920,
23283565,
22142834,
24797398,
27389293,
22323675,
20874504,
20258850,
20013511,
20053212,
30619709,
21196260,
20852299,
24653821,
24642028,
24382868,
21391230,
20863157,
19783465,
20318169,
21466440,
21166518,
21836998,
19273897,
18787603,
22262519,
48239761,
23728697,
20960956,
19139816,
21581835,
18702568,
20411592,
17236485,
18126849,
17451184,
29091417,
20201012,
21130139,
20922722,
20640085,
23719512,
46555721,
19047342,
19737149,
25084691,
21640426,
20773495,
21593857,
35505674,
18532526,
19127779,
22229181,
22060301,
18547917,
17335584,
17859726,
19431096,
28225490,
21090256,
68653890,
21064269,
22198314,
19700560,
20422134,
18932351,
19301987,
19205264,
39526105,
21073912,
19086253,
22150748,
26620454,
18662197,
21970933,
22408266,
21974071,
21502445,
19881166,
17593110,
24310131,
