56618616,
2798680,
2858870,
4532304,
3244069,
3262175,
13347585,
17034411,
4477200,
3158555,
3867107,
4179142,
2862355,
3202572,
3525658,
3053340,
4243050,
5418233,
7697362,
6232512,
5740912,
7065361,
6206335,
5850167,
6857390,
5079856,
5870286,
4636614,
3652159,
2860184,
2256805,
2475714,
2291432,
2617183,
3089242,
3774883,
3145798,
3671952,
3400878,
2855743,
2421906,
2442250,
2519910,
2170552,
2129985,
2271750,
2253283,
2952222,
1881287,
1953699,
2189449,
1970068,
1837829,
1767138,
9232234,
7825063,
4103298,
3384617,
3980972,
4099104,
3354585,
3977537,
4188351,
4855048,
4739503,
2712696,
1666852,
1600372,
1597401,
1664562,
1665382,
2151589,
7080349,
7752908,
9489720,
3928086,
2310707,
1567147,
1692022,
2249618,
1971081,
2228601,
2373429,
1853594,
1584997,
1924625,
3245999,
2557720,
1668583,
1943082,
2007408,
2505156,
1914568,
6262964,
3291774,
2639652,
1486473,
1601128,
1685986,
1720939,
1964273,
1598089,
1715332,
2319791,
2094805,
1882349,
2937878,
2536017,
2793870,
2265834,
2319786,
2004612,
2176683,
1736846,
2062860,
5557324,
3590419,
1936128,
7891176,
2513931,
4111533,
2783652,
2619139,
5211155,
7314690,
7479025,
4345865,
3585803,
3121493,
2602965,
1452786,
1502787,
1472129,
1327736,
1874787,
2511602,
2220648,
3767877,
3617080,
4427227,
2602681,
2648177,
2441683,
2568103,
4242060,
3545465,
2813568,
2186114,
1696052,
1306163,
1885569,
6858325,
7592156,
5640043,
3765899,
2153354,
1686347,
2305117,
1651632,
1432138,
1471835,
1613243,
1599523,
1714567,
1584049,
1352565,
1782949,
1860467,
1331943,
1274468,
1303333,
1400196,
1345616,
1264031,
1293669,
1375118,
1484326,
1366600,
1857409,
1527365,
1531536,
1669524,
1688187,
2097303,
3356396,
1870156,
1646651,
1338921,
3175099,
2230033,
1923283,
2035978,
2479004,
1400669,
1280947,
2554927,
2513164,
2385930,
2443123,
2871721,
1591229,
4608854,
3394468,
1464886,
1370549,
1396274,
1370828,
1261922,
1346214,
1348761,
1404489,
1320839,
1633426,
1335714,
1519703,
1942255,
1910012,
1327059,
1433038,
1543033,
1313678,
2529758,
1909616,
1916386,
1775119,
2242362,
1209002,
1378720,
1616238,
1671789,
1926317,
1380856,
1343906,
1323890,
1319160,
1693323,
1974580,
1685173,
1320209,
2009843,
1905881,
1539956,
1210187,
1640758,
1790453,
1817974,
1434714,
1550884,
1471680,
1439075,
1451818,
2307623,
4327891,
3106059,
1674094,
1766456,
1375644,
4812884,
3414917,
2213240,
1535106,
1551242,
1709590,
1738222,
1709817,
2223747,
1188824,
1234373,
1247666,
1594327,
1389903,
4517425,
2118702,
2134864,
1951948,
1760584,
1724031,
1440274,
1725871,
1453354,
1472513,
1594738,
1964199,
2515593,
1464912,
1460659,
1205782,
1780413,
1649349,
1343796,
1323803,
1292102,
1947675,
1884443,
2795815,
2199324,
2051865,
1860594,
4645480,
3801946,
1470783,
1496617,
1865000,
2089639,
2109079,
1665343,
4234638,
2572953,
1871873,
1773919,
1342795,
1327453,
1279787,
6122252,
2516752,
1926100,
1425157,
4643792,
3282303,
1284596,
1333622,
1221856,
1233675,
1416369,
1668166,
1497921,
1632594,
1193850,
1161485,
3106901,
2233327,
2094375,
2273976,
1732344,
1357457,
2939938,
2064711,
1850262,
2024092,
1251599,
1393839,
1343604,
1350485,
1462345,
1427620,
1659723,
3902640,
4977000,
4023495,
2649125,
2259289,
5442760,
4110928,
1688880,
2036796,
1684341,
1558137,
1367368,
1417258,
1615356,
1559921,
1734281,
1210252,
1342650,
1542914,
1134113,
1178972,
1306461,
1325998,
1132778,
1249766,
1427918,
1441942,
1686831,
2206852,
4216027,
3993477,
4554820,
3031409,
1234434,
1990112,
2112233,
1499204,
2276237,
1637555,
1138630,
1307762,
1748259,
2027434,
2474941,
1355606,
1530243,
1996865,
2660860,
2483948,
2837214,
3226405,
1304696,
1286612,
1449290,
1958703,
2006421,
1541569,
1468375,
1399367,
4910108,
5040065,
4310571,
1589387,
1373216,
1674712,
2320355,
2230592,
2245631,
1743798,
1311168,
1320779,
1519684,
1224940,
1386411,
1252496,
1477576,
1709258,
4128760,
2160041,
1972573,
2096180,
1181949,
1280144,
2642243,
2466562,
2710010,
2799037,
3880684,
3094767,
5024522,
2552264,
3935168,
4021085,
4105440,
1599145,
1828587,
2354273,
1599569,
1592419,
1714722,
2133302,
1708447,
1802528,
2189537,
4272362,
4396297,
4747484,
5948061,
1492728,
1215767,
1135440,
1134903,
1078200,
1502671,
1120401,
3921238,
4336563,
4267873,
2326114,
1651180,
1839325,
2211243,
1398047,
1088961,
1068706,
1143008,
1409155,
1912888,
2084498,
3315682,
1776083,
1110595,
1133774,
1241037,
1560862,
2113336,
2499097,
2811689,
2617854,
2608099,
2717107,
2756209,
2936309,
2699377,
2739427,
2757910,
2724715,
2889818,
2767546,
4076852,
3874344,
3847680,
2427972,
1745816,
1759175,
1764943,
1713274,
1725245,
2993532,
3209274,
2909308,
3371147,
2786978,
1493128,
1722371,
1430224,
1178301,
1178594,
1509076,
2169396,
1923280,
2020029,
2560972,
3172343,
3098413,
3257872,
2450348,
2274214,
2398775,
2518661,
2420755,
2371507,
2460904,
2447928,
1758328,
1096909,
1074166,
1704662,
6008640,
2593013,
4341096,
2079566,
1959219,
1907294,
1909340,
1850552,
1834626,
1832298,
1112939,
1331145,
1341497,
3798175,
1456833,
1410791,
4135104,
4214222,
1543324,
4428520,
6827158,
2772782,
4305575,
4194921,
5817540,
2015104,
2552894,
4002835,
3248371,
2022923,
2980924,
1969540,
2017479,
2119228,
2025749,
3017337,
3113907,
3042704,
3133034,
3109834,
3694871,
3731501,
3952077,
2646412,
2640454,
2910740,
4284428,
3904505,
2731256,
3641588,
3860520,
5355825,
3467079,
3668651,
6954070,
1711978,
1674218,
1517038,
1526700,
1706642,
1140381,
4000800,
3885984,
6266367,
2975689,
2549542,
