395501185,
28747209,
24659256,
29525984,
23660499,
28928922,
24074303,
26225255,
24395564,
24836992,
23127852,
22505796,
22284948,
23628444,
24547913,
44833972,
42137077,
33008803,
22323464,
36883052,
22369022,
21906986,
26607567,
21049503,
22530458,
22160472,
27044880,
24321020,
24997680,
22304360,
23490576,
26068356,
27655581,
24138998,
22716041,
22796948,
22673022,
21244760,
24646625,
86651886,
27908741,
32102170,
28401660,
25944321,
23986299,
28806515,
24377144,
22637585,
23076492,
31442292,
23677296,
26211649,
21320589,
21277993,
22536594,
22947874,
20567520,
21174572,
22694258,
23769359,
22595398,
21534295,
22144856,
21409777,
21892376,
22177345,
24669818,
24722300,
21583090,
20812006,
21255587,
22947545,
23207972,
27575446,
25197979,
25012468,
20494015,
22508944,
23479418,
22605436,
23806856,
34648893,
20462520,
21153436,
22697244,
24959812,
29364339,
29953076,
35721250,
30036294,
35050444,
33431903,
31629959,
25306583,
24801912,
24014928,
24409271,
29239509,
21998440,
19507922,
30329852,
20226976,
22089808,
19005784,
20856544,
24095463,
20256612,
20340573,
19652092,
22413364,
21891132,
20694211,
19379722,
21338637,
20154856,
30121405,
20640023,
19184084,
19990559,
23854654,
19997229,
21084091,
19935229,
19541223,
21281922,
27958576,
21624096,
20310129,
19741495,
20295842,
18517146,
20262250,
22902170,
19039434,
20821860,
20352920,
20795766,
34235863,
23949784,
24432960,
26203495,
22662364,
25397167,
28272815,
25879476,
23611946,
24188607,
20596867,
22444681,
22065816,
33448773,
20343413,
21061447,
20135837,
18514182,
20578655,
20721133,
20360330,
21239703,
19648012,
19990609,
21184652,
20457969,
18530021,
19604525,
22318563,
19033379,
20436095,
20764024,
21139875,
22514834,
24279581,
23235668,
21296556,
22997023,
28172729,
28554297,
23344000,
19353766,
24242604,
18966783,
23756818,
27720516,
19405141,
19576901,
21859864,
20343516,
19703317,
21622631,
25956451,
22705442,
21162799,
21558908,
21809611,
26566299,
27653345,
43071118,
29766965,
30005331,
50216955,
39212606,
19280559,
30919155,
20970240,
20147125,
23528870,
19644872,
19643769,
18360603,
19571770,
19160234,
19610866,
18843062,
19005639,
20690440,
20645672,
18782212,
20999306,
19867012,
21995164,
21386244,
23488561,
20081917,
19009008,
22216394,
21199045,
21006402,
19511955,
30090515,
23935068,
21697480,
22399373,
27314140,
18774303,
20068966,
19861645,
20826467,
20854021,
22529444,
21309841,
20869880,
24371551,
27394357,
22074981,
19536141,
24073694,
21608746,
18969451,
19001338,
19166322,
21259063,
19711704,
21098916,
28270572,
27046050,
29508917,
27378512,
27564473,
30244553,
29329715,
29308109,
28857585,
25466092,
25770949,
20461264,
20621803,
22055597,
21259960,
21043827,
19687448,
24130160,
21599143,
30821175,
31716757,
23148693,
19229644,
20017155,
18637041,
20880012,
23499639,
19751534,
20170310,
22535138,
19979697,
19472099,
19387929,
19364550,
19845245,
21191809,
21273787,
29019485,
26758794,
28488526,
27125345,
26210196,
27076980,
27582120,
25244272,
26437902,
28072315,
29556553,
27952130,
35105469,
26898423,
31966126,
30998478,
28406811,
24716165,
20758125,
19576121,
22699676,
19719428,
24866997,
20279970,
23107124,
19207298,
19601734,
21132608,
25749897,
24325887,
22485160,
20255567,
20931855,
19980879,
18511384,
21428626,
18960235,
21111516,
18909241,
19865612,
25711766,
23752064,
20900356,
28663596,
19968095,
21686118,
19514832,
19950580,
21092254,
22256012,
27124425,
29634363,
20156392,
26411499,
20848463,
21488971,
24303187,
20621972,
19816059,
21118685,
21028148,
19091148,
20584653,
19385491,
19432882,
21161883,
26793039,
21290784,
19254618,
20166229,
19865874,
20695982,
18716762,
18037734,
19683087,
18971117,
19641679,
20961080,
19977066,
18453349,
18005007,
19549994,
20123560,
23193608,
19880315,
19894475,
22445522,
22059200,
23214824,
20041859,
20815300,
22576864,
21853966,
24478701,
21901201,
20701211,
19343526,
20226243,
19704419,
19023514,
28493933,
21305207,
18961992,
23640571,
27281551,
30354667,
41180857,
19174917,
18178095,
19403758,
17728879,
29460301,
19589791,
19819802,
18657699,
21350957,
18457590,
17910322,
18943670,
19646529,
19858200,
20803967,
20021432,
19236522,
18402631,
20949184,
23267202,
18862395,
19732358,
20073874,
22850221,
20675120,
19180417,
19052022,
18146100,
20166164,
18677640,
22102445,
18320923,
18231227,
19728695,
18937209,
18344267,
17828981,
18626052,
19456864,
19095811,
20295289,
20824713,
19868869,
23529339,
18089502,
20301875,
20385138,
18217525,
18556872,
18911520,
18974224,
21465595,
21499552,
19465047,
21434630,
19478665,
38517152,
25380057,
24443967,
24407594,
19911940,
19860380,
22557252,
23704405,
23484630,
25585096,
21258739,
20492974,
22091109,
20947625,
19746291,
36381438,
27095622,
20574941,
18403616,
18707633,
19930984,
20948494,
19890570,
20740219,
24145333,
31617299,
18898030,
19499497,
19828091,
24561862,
22019736,
24077932,
26096408,
22745093,
22303443,
22912684,
20412447,
20675724,
23565116,
26230472,
27191008,
22174295,
25312076,
30330105,
19974632,
19551721,
20378540,
20208228,
19723288,
33848943,
25728224,
43184704,
21742684,
21168823,
21223342,
19310768,
22818890,
21134947,
27256786,
20873369,
22901806,
25793457,
34797963,
22171617,
21336724,
19785349,
20487205,
20530395,
23582332,
21136981,
23072723,
22526754,
23521899,
23268019,
21980139,
21124193,
20935820,
20855638,
22677517,
21048029,
19154901,
19058879,
19578636,
19730488,
19762393,
20177329,
21900407,
20061570,
20717926,
20478745,
24446881,
20699998,
21500096,
28880594,
24146426,
25682470,
19125929,
21722661,
18752727,
18248959,
18411735,
18974461,
24623178,
23931878,
24035228,
24129940,
22570909,
20010065,
21330013,
20766722,
20485663,
19705031,
18744196,
19864179,
19611964,
19318227,
18566677,
24092851,
20445727,
20264881,
19547764,
22941561,
20626276,
19804760,
23205056,
21205528,
22581454,
21143639,
19690939,
19692579,
36230936,
18754966,
20952965,
21073757,
20492181,
19578422,
19418048,
19149900,
18369542,
18857721,
18683218,
18150510,
19598683,
18367217,
17704549,
18049953,
23265478,
