71222957,
4971801,
4880554,
5340160,
3764197,
3566967,
4079618,
3610838,
16866767,
19334270,
11202432,
3839056,
3435086,
4030787,
3868196,
4258500,
4120046,
4626147,
5994805,
5095784,
4433423,
4127803,
4227613,
5404464,
3999058,
3967647,
2681838,
3080034,
4054080,
3220420,
3725745,
3024450,
3801736,
3447309,
4570921,
14311116,
5135388,
6288102,
6477393,
4397125,
6423305,
4710428,
3700262,
4959617,
5194135,
2860904,
2682418,
2967185,
3100939,
2982040,
3359174,
3812149,
3984040,
2823479,
3073645,
3062210,
3723418,
3020396,
3934715,
4329297,
2958322,
2999540,
3006028,
5230429,
2791400,
4170222,
3929692,
3195883,
2420531,
3070868,
2732407,
3034742,
3780895,
2906042,
1898674,
2024042,
2064118,
2040511,
2022988,
8125344,
8059048,
10830829,
8262317,
7908673,
10054323,
7369900,
5568410,
4472383,
5542754,
4082495,
3117632,
2787333,
2601742,
2159062,
2321467,
2437339,
2099692,
1954635,
2079613,
2351219,
2497631,
6233163,
3292751,
3560365,
3177284,
3062205,
3151530,
2331437,
2235190,
2556474,
2064918,
2965100,
2363284,
2030766,
2426992,
3105299,
3429559,
2127774,
1912042,
3091632,
2885106,
2143806,
2061493,
1877730,
2024154,
2155944,
10427852,
5872630,
4301158,
4821789,
4081091,
6612103,
4217700,
5794636,
4093799,
4569577,
1876792,
1933970,
2064456,
3280411,
4299453,
1865519,
1849300,
1855580,
2277513,
2345491,
2245050,
1731982,
1885420,
1956330,
1814886,
1969695,
2252210,
2667168,
1766798,
1823869,
2280873,
2443351,
2235437,
2776099,
2118360,
6946409,
7571810,
5236883,
2214238,
2845508,
2273640,
2222949,
1834345,
3064295,
2054869,
2502443,
2954291,
3087114,
2336511,
3035979,
2051536,
1824927,
1999893,
6682854,
7276544,
6273089,
8230174,
10315415,
6083035,
2753652,
2487549,
2068648,
2455046,
2223197,
2009134,
2221030,
2218006,
1884585,
2332672,
1850441,
1833914,
2636350,
2268605,
2436437,
2254020,
3132144,
2398820,
1912968,
1772137,
1888505,
1921729,
1816778,
1839228,
1770888,
2103763,
1873802,
2217001,
1871634,
1929274,
1822679,
1781796,
1664809,
2219976,
2642743,
3074512,
4084860,
7670367,
3265564,
1760398,
1860372,
1746323,
1835289,
2271357,
2553356,
2837880,
2311930,
7037638,
4784437,
6891241,
7007116,
6411539,
9311307,
7062418,
8910080,
2594606,
2563338,
2463558,
2420324,
4296469,
3995434,
2881926,
2638478,
2726844,
6099640,
8339959,
7119554,
3359296,
1972664,
2578084,
3300275,
2630443,
2041949,
2340366,
2340737,
2412583,
2074782,
2109435,
2014121,
2119618,
2244723,
7772661,
8367941,
7194623,
6846596,
7348443,
8788367,
8636139,
5876508,
7785458,
7225373,
6247058,
8343005,
8539670,
6128423,
8608430,
3269074,
2305267,
2131732,
1970575,
2089899,
2658164,
1691603,
2418943,
2227550,
1836243,
1925046,
3396316,
1902374,
2225480,
2167338,
2254426,
2009969,
2556483,
1991911,
1937533,
2057743,
1924973,
6074566,
2774103,
2339654,
2312625,
2434510,
2661901,
2382468,
2603979,
2541509,
2687933,
3473292,
2913462,
2859324,
2164710,
4017809,
3427212,
3936092,
2557610,
2478553,
2602419,
1636894,
2752968,
2657121,
1738364,
1699276,
2787373,
2404270,
2192174,
1845894,
2143945,
1634724,
1729634,
1566995,
1900979,
1840079,
2457493,
2455797,
2488384,
2444112,
2565414,
3423109,
2652330,
2502364,
1804024,
2464945,
2918718,
2299112,
2333282,
2009021,
2428625,
1782061,
1655812,
1998520,
2939747,
1865600,
2152323,
1831990,
1928939,
2680602,
1963298,
1798110,
2494150,
1838774,
1842872,
1686754,
1691302,
1759048,
2000102,
1628868,
1858101,
2869523,
2495640,
1687575,
1748087,
1540336,
1506167,
1581054,
2009778,
1590183,
2408685,
1690672,
2365374,
2370829,
1793944,
1612191,
1655411,
2148500,
1559891,
2454679,
2405847,
2406523,
1479478,
2778634,
1712964,
1492717,
1451626,
1493031,
1667852,
1670892,
2424097,
1530376,
1695767,
1571975,
1895498,
1704513,
1502159,
1654986,
1455574,
1567187,
2501875,
1590006,
1781190,
1750090,
1632057,
1625694,
1536415,
1833082,
1566086,
2977719,
2059653,
5343371,
5624996,
5780079,
6823280,
3484302,
3237175,
5566639,
4871388,
8269794,
3856006,
2873612,
2866859,
2953686,
2899255,
6645404,
4001047,
1610177,
1638973,
1728288,
2003128,
2090391,
2597768,
5246104,
6579829,
2133601,
2167943,
1994621,
5905475,
2838640,
3358779,
3243247,
3257881,
3419187,
3666254,
3589108,
3770608,
3991907,
6524768,
6163375,
2337107,
2070464,
2452114,
2046547,
2634494,
2928513,
2544351,
5979792,
6837305,
6486646,
5076044,
3109310,
2383052,
2525473,
2679812,
3470453,
1660360,
2392265,
7695143,
6489763,
3408312,
2865147,
2971604,
3555434,
3932303,
4086201,
5281458,
4896733,
4389239,
4026460,
3911653,
3755919,
3912716,
4095082,
1752427,
1973526,
2097952,
1796917,
3831479,
1880866,
1624093,
1954977,
2953429,
3291684,
3303697,
6370377,
3970517,
4395818,
5273456,
2001277,
1945591,
1835177,
2041222,
1890776,
2125943,
6847171,
6230625,
6699059,
9580752,
2747599,
2469210,
2660815,
3689565,
3654787,
3195355,
3775729,
2283189,
2458501,
3986553,
3333453,
2970176,
1679300,
1743393,
2012023,
1546204,
7228182,
4159951,
3048711,
2954021,
2891281,
3607223,
1580894,
1727818,
1822946,
2258079,
1997371,
1919706,
1589286,
1655523,
2089682,
1628391,
2557989,
1651267,
3555825,
2548426,
2028858,
1427307,
1582976,
1509763,
1835781,
1692970,
1836214,
5769930,
6023319,
6270094,
7915741,
3983147,
3818159,
3960090,
3817685,
3822168,
3836457,
5294747,
2915593,
2928746,
2398503,
1549938,
1612310,
1526449,
1622695,
2194719,
4023408,
4028013,
1829590,
1810351,
2038432,
3414569,
4667550,
5804235,
6475266,
5744046,
6332636,
1923404,
2231998,
1923562,
3827226,
3831558,
6262997,
