57044518,
2861788,
3359421,
3742239,
4399061,
3235037,
4235685,
3613849,
3558411,
3051054,
3426753,
13803091,
37614462,
12136364,
4605628,
6401600,
5625601,
4345263,
5233799,
5537631,
4313915,
4881001,
3264959,
3513783,
3292858,
4184855,
5181116,
4789378,
4215796,
3596129,
3018814,
4769469,
4521664,
3309820,
3871295,
3127247,
3216058,
3615838,
8189249,
13048586,
5885399,
2273331,
2177675,
2355088,
2459946,
1918121,
2002564,
3431865,
3879549,
2871209,
3336703,
4350211,
4274836,
4004548,
4695148,
4255095,
6266387,
5418172,
6050649,
7724044,
9126607,
7972821,
8718602,
7953733,
6517900,
8059827,
6753581,
2444622,
1951381,
1465940,
1360090,
1259584,
1252395,
1294462,
1287804,
1788328,
1566787,
1699997,
1511554,
1694901,
1971594,
1824217,
2379958,
2233706,
2563634,
1656762,
1705792,
1598479,
1600771,
1551699,
2373711,
1871525,
1406388,
1942511,
1961230,
2064430,
1249212,
1652974,
1683482,
1578008,
1619023,
1556429,
1655813,
1996179,
1760279,
2335862,
1509220,
1666334,
1429103,
5889046,
3404480,
1618428,
1688632,
2398726,
2156292,
2831151,
2923716,
1855900,
1863763,
1795366,
1675650,
1960994,
2089977,
2025698,
1768990,
1761435,
1717257,
2169386,
1746047,
1834080,
1898519,
1815893,
1945418,
1708762,
2049510,
1862509,
1745069,
1724445,
1808195,
2484987,
1600175,
1890684,
1828203,
2641986,
1919363,
1672487,
1504877,
1510802,
1472942,
1365678,
1414605,
5590898,
7549764,
6937778,
5862622,
6786556,
5025003,
6228659,
7022576,
4023460,
4982814,
3330039,
3582071,
3217851,
2384077,
1542420,
1448108,
1596997,
1252776,
1346643,
1369257,
2033682,
2733653,
2074521,
1616910,
2073095,
1351158,
1589991,
1415628,
1354948,
1506436,
1448423,
1604510,
1684445,
1896156,
2149326,
1966717,
1915491,
2406175,
1814099,
5248535,
2582082,
2930704,
1945789,
1599829,
2050331,
1966705,
1295636,
1275280,
1503762,
1764034,
1414636,
1399472,
1473029,
1633056,
1397078,
1335621,
1352041,
1632291,
1537077,
1449258,
1648589,
1283783,
2000965,
1786742,
1401098,
1482465,
1285527,
1691972,
1480918,
1604881,
1440172,
1395001,
1381013,
1619888,
1763429,
1458425,
1247705,
1384783,
1405264,
1579476,
1341085,
1247082,
1379654,
1999997,
4520247,
3852334,
2012650,
1197209,
1322536,
1246487,
1293496,
1381546,
1180124,
1890779,
1771269,
1167831,
1160555,
1285351,
6283049,
2188567,
1355031,
1397413,
1348275,
1283695,
2326002,
2427947,
1369540,
1207067,
1190401,
1235564,
1245342,
3754240,
3792171,
2196063,
2201174,
3662215,
4567596,
2017009,
1734326,
3647844,
2290722,
2168570,
5586999,
3200872,
1925005,
1940244,
1240036,
1229946,
2041918,
1683886,
1312023,
1781719,
3482771,
4037592,
1306548,
1606434,
4739299,
1728142,
1202107,
1914502,
1864025,
1551331,
1709078,
6434973,
4061583,
1298943,
1307740,
1833304,
2832738,
1813010,
1152416,
1374808,
1801421,
6140571,
2919984,
1741416,
4185373,
4363261,
1643248,
1319661,
1590034,
1390867,
1357742,
1457960,
2817102,
4333256,
4345291,
1633839,
2585051,
4621137,
4455014,
4890251,
3267841,
4298167,
4119527,
2113636,
2463519,
1804644,
1147093,
1321205,
1244260,
1767016,
1204021,
1228464,
1900802,
1319108,
1510563,
1272939,
1105518,
1241564,
1059500,
1700565,
1422803,
5175669,
5316904,
4432692,
4368781,
1611017,
1625504,
1593486,
2070461,
5493485,
1882990,
1177066,
1187234,
1560331,
2617346,
2258329,
2107179,
2983204,
4239867,
3753140,
2685482,
2195816,
4502047,
4775136,
1761290,
1695104,
3111921,
1371432,
1456695,
1612567,
1687383,
1777644,
1801349,
1343133,
1478183,
1358276,
1712475,
1203736,
1226591,
1813145,
1991137,
1954174,
1716082,
1525665,
1107584,
1178211,
1440318,
4120388,
4111786,
1532659,
1581866,
2014293,
1798295,
2266859,
1839860,
2029126,
1939263,
2034532,
3107339,
1705702,
1213686,
1172137,
1240446,
5750414,
3002313,
1197250,
1348453,
1764960,
3137679,
2827984,
2698112,
3053646,
1617001,
1417260,
4040588,
3810261,
2231809,
5224271,
1922272,
1954284,
1681716,
2146319,
1585076,
1423407,
4090464,
4344037,
4395499,
1751084,
1721996,
1474304,
1425173,
2228198,
1415603,
1547614,
2086764,
2109237,
1440255,
1666420,
5893376,
1765438,
2130172,
1542226,
1426077,
2092659,
1937312,
1720216,
1406583,
1368020,
1358016,
1444029,
1495980,
3948942,
1628934,
1423913,
1674338,
1307300,
1386178,
1327582,
1535036,
1538910,
1478986,
1435816,
1146809,
1197866,
1656060,
4118984,
1505963,
1270854,
1319862,
1360723,
1296276,
1221244,
1608246,
3082264,
3098674,
2529969,
2761395,
1956126,
2608647,
2902258,
3640395,
1948888,
2027040,
2175215,
1875083,
2206478,
2034329,
1876027,
1843851,
2306705,
4615129,
3729397,
1817140,
1638165,
1611709,
1205127,
2066430,
1758484,
4157579,
4067618,
2789234,
4564545,
1609070,
1381514,
1386684,
1825520,
1569236,
1550449,
4099291,
2722190,
1405640,
4950355,
2067441,
1339145,
1311322,
1354885,
1218794,
1469252,
4703484,
1969867,
1624077,
1408920,
1412977,
1373621,
4403230,
4056530,
2059599,
1336297,
3940883,
2146760,
1130737,
1178701,
1173806,
1218266,
5718918,
4125654,
4376624,
1247337,
1159921,
1110464,
1067085,
1104159,
1215967,
1461569,
1625997,
2291475,
2602711,
4520529,
2094948,
1337667,
1125445,
1593398,
1696206,
1150527,
2569470,
1335984,
1389106,
3965234,
7794877,
1579565,
1772967,
1956647,
2622748,
2530770,
1222935,
1071465,
1138829,
1216661,
1194915,
1216403,
1117825,
1477330,
2565572,
3990730,
2667305,
1955849,
2162866,
1985988,
1941911,
2647512,
3247267,
2939816,
3182041,
3139468,
4033339,
3034630,
3061880,
1413804,
1256345,
1113175,
1248741,
1682996,
3640015,
3710491,
5875980,
1671388,
1823159,
