431071663,
27842905,
33532823,
22036363,
23994159,
35499268,
24215890,
25371928,
24707054,
33939668,
25149628,
23105873,
28340409,
22992636,
23448659,
25481843,
27213924,
45509551,
54950167,
36068051,
26634783,
25285748,
33541658,
26777113,
24499413,
28896256,
27524833,
28133678,
29949024,
23823739,
23598757,
42548203,
26773978,
26355698,
51018248,
25529983,
35710313,
26011344,
24274511,
23379501,
22251260,
22912960,
23833830,
26740906,
34025495,
36572953,
34479922,
25033790,
22342029,
23356440,
25536767,
24217065,
23201292,
21761011,
23407321,
23644929,
48373018,
28979252,
27870173,
25776243,
25434113,
26537478,
26415368,
31342878,
27966630,
65098521,
64475602,
68785282,
32123662,
32269438,
30581299,
37116795,
36584217,
30004106,
24596212,
23550112,
21140338,
20288949,
19295344,
20040740,
20245044,
20925941,
20495233,
35135191,
20374519,
19769390,
20115779,
20105875,
19695758,
38155548,
20199381,
36269360,
22054692,
21417302,
68370660,
20048916,
24279487,
19582446,
20207008,
21098516,
20325311,
21505672,
20337466,
18973333,
22155752,
19815804,
19504584,
19173501,
19555363,
32887820,
21002664,
20360031,
20498202,
22002517,
28837751,
19897756,
20927799,
24864666,
20836195,
21652618,
22077959,
22161756,
20192543,
20361603,
20352187,
21937462,
20524817,
23226657,
22179278,
21619534,
21494155,
23121101,
21188170,
20786459,
21899475,
20683426,
20861728,
22101309,
22006605,
21132841,
20585606,
21175183,
22279672,
20942631,
20353788,
36729446,
21649347,
45157012,
30034752,
22045091,
21359956,
20296065,
19678317,
20506847,
19714521,
23241444,
27701181,
28925151,
29533167,
37560682,
27624038,
26372342,
26137213,
31799508,
27120221,
39501978,
23568276,
24487074,
25374850,
22765602,
27694524,
19993121,
19132480,
20423758,
20800713,
20133430,
18889329,
20267888,
19642917,
37471387,
20206527,
25204045,
22439923,
60550526,
21178584,
31489029,
32617710,
19679347,
38352034,
20473362,
33160000,
23370559,
20164903,
19787817,
20586315,
21594294,
19848883,
22223692,
21844785,
24659884,
20726442,
20008514,
20476518,
19826295,
19997816,
19325327,
22847450,
71232410,
20907261,
21126586,
20763789,
28947116,
20798530,
20397532,
20784553,
19680522,
20861441,
21292207,
22285290,
21028976,
20322380,
36558392,
19495214,
19153343,
22128147,
20277462,
20676493,
22955606,
20339318,
45754765,
41135972,
18924871,
52682170,
22771723,
20848506,
20227612,
19377432,
62710744,
32917723,
28640060,
19699939,
19459239,
19890983,
20879241,
20581494,
20777702,
62934949,
19737480,
20991757,
23870625,
19217357,
19936532,
24305033,
26915199,
59234891,
21374214,
39216911,
21204608,
23074079,
23152678,
22296658,
20253087,
19295409,
20620155,
20161316,
18803109,
19787028,
24763828,
27453943,
20776839,
70376421,
26687311,
25338949,
22477018,
22656671,
21649051,
56540103,
26897325,
27688200,
22900472,
44912120,
19266162,
20855463,
58082285,
35203606,
58679724,
32831606,
46532262,
19319359,
19042067,
41047351,
25154018,
57690596,
19950333,
27315312,
47023382,
21696206,
21266289,
45544815,
27768389,
23233465,
56284568,
22443014,
63994231,
25838650,
46546042,
22980314,
19243649,
49157066,
28241104,
20700405,
39052880,
25908178,
25901123,
27648588,
54217700,
18171992,
25731355,
20540631,
40403044,
66604377,
21878104,
19511722,
20567041,
24714896,
25977765,
24619308,
25279774,
26204740,
22808278,
22078396,
21722319,
23747743,
20614435,
19540253,
20428361,
23771105,
19299218,
18920240,
19581177,
19480530,
20639530,
22474511,
20158038,
19045468,
19533581,
21328008,
21671008,
20788854,
26273589,
25065674,
33471824,
30102708,
32580703,
21289989,
24905204,
20879715,
23516151,
23260065,
22802070,
24661889,
20412015,
20161525,
22005341,
22786611,
21508731,
20707191,
20973496,
23301163,
22522075,
21548905,
23456748,
26097482,
32263118,
27299659,
19043054,
21629926,
20506732,
19523090,
22954938,
21853261,
20523431,
20273639,
21805241,
44705619,
20699166,
19557034,
20378697,
19195610,
19888467,
19482839,
19674117,
24961798,
18855162,
22191197,
18955585,
31614393,
25998503,
33481360,
26327533,
27220432,
20385891,
21511621,
24103067,
26123405,
21908651,
21214747,
20672826,
22121654,
19924162,
18883633,
19873988,
20432401,
29495939,
46939156,
21951119,
21105680,
42337625,
20826503,
22474980,
22199108,
22942389,
21081638,
20822766,
19645202,
31116977,
25856202,
21317481,
21243689,
27221370,
19321221,
30371882,
20956286,
21366565,
62370562,
29467258,
23345081,
22051038,
20958331,
19313555,
20152696,
20062129,
21783429,
25316235,
19786612,
66016996,
35695233,
19647232,
19654412,
22045819,
19859064,
33993711,
19272553,
20826940,
25909520,
20473226,
27201690,
18696810,
60941831,
19722383,
19245201,
18956811,
19151024,
20026743,
25628467,
20061172,
19994937,
18758990,
20337082,
19765387,
20910654,
21298647,
22009585,
28751839,
23155331,
44000937,
20911450,
19328917,
40363084,
27122124,
107228346,
47725917,
37666003,
55719020,
22525266,
21482283,
29230969,
22009012,
21998435,
26965861,
19817911,
24148840,
20711043,
20654409,
20398158,
20303592,
20225434,
31497430,
24568981,
21533014,
19447268,
18169524,
18807865,
18826703,
21583095,
19661152,
20166329,
23139227,
28410401,
35686601,
25624670,
21203043,
20891173,
19744747,
18641916,
20713822,
26397823,
24328301,
19170449,
19859758,
25632534,
22535285,
20170341,
23797817,
20383432,
18911612,
18369431,
20129006,
26537703,
32748645,
19288487,
19140113,
18776363,
19561845,
23998503,
82458047,
25446375,
23223571,
24300284,
20656050,
28011242,
44723829,
25381716,
23051352,
22450100,
19421796,
19291637,
19177879,
20086319,
19041480,
19992613,
20153753,
24844709,
20318440,
21598795,
22745619,
32480406,
22804024,
21526293,
19243345,
21256194,
36104663,
20135448,
20899075,
18733031,
21732266,
24624176,
22946147,
22573770,
25029675,
23175165,
23664672,
22071328,
18749356,
18733272,
20364478,
19867161,
18755999,
21187007,
22514537,
21581593,
27584600,
24259313,
23861699,
18923394,
19522338,
21713844,
19292881,
21147618,
21888514,
22536091,
22081094,
22723115,
22298941,
23567446,
21662706,
21421902,
20060744,
19298302,
20866067,
