395677803,
43306471,
43924597,
45737992,
43982388,
37925342,
39048844,
40228592,
35826805,
38179672,
39917409,
34794170,
38343175,
39227436,
33982072,
39336956,
36505300,
43825167,
34804772,
36083336,
34533155,
55917199,
49036474,
47520822,
35828569,
37870160,
48784340,
42677399,
37407811,
47247233,
53876583,
44376709,
39582377,
39046371,
42019622,
39634097,
41641332,
39587197,
32932558,
33618957,
40510954,
34209860,
38981099,
39586445,
41952621,
42213938,
35775164,
36110846,
36174919,
34506667,
37718387,
39036504,
46368935,
62715503,
32123317,
32740561,
37716606,
36128074,
39836228,
37114364,
43893041,
51169456,
44613516,
51488615,
54749835,
38469897,
31324361,
34005841,
33278864,
32912538,
37540149,
48800051,
36854112,
39146482,
33663805,
33853708,
34184279,
35828115,
33252240,
35768281,
35206315,
36754826,
31777054,
32417894,
37369390,
37898742,
35484002,
31648967,
32079836,
31246954,
36354293,
34225843,
35196549,
36382775,
38845299,
48171554,
42209338,
42691555,
36940336,
37468127,
34469735,
61387021,
48980116,
34486870,
34894353,
33799775,
35027330,
39455877,
39269335,
47059647,
50573703,
46682944,
47037018,
37932656,
41249308,
44023732,
44245844,
47160018,
41361682,
44907267,
47725351,
43322480,
44228426,
44654626,
42677600,
46714391,
43083316,
47640402,
59942041,
40825211,
40218610,
44079823,
49959851,
44467144,
77992875,
46891030,
45525324,
44571575,
46932527,
56028592,
40297864,
38580581,
40527633,
43331781,
43272479,
40351184,
37088258,
32063156,
34673497,
33632826,
43576066,
42169313,
37726598,
32043523,
31773431,
31168092,
36224896,
39186752,
44939279,
39159415,
40412072,
42498684,
41625554,
37465478,
33463897,
37273415,
35031430,
33076574,
32870845,
32182925,
32497208,
34443498,
33590208,
32223741,
32923355,
31697821,
32893608,
31086257,
34388045,
39719167,
41415534,
42518671,
44094214,
47107011,
43494591,
47038048,
36618489,
36766167,
33763481,
31630364,
36813901,
33566776,
31939962,
32256107,
33019983,
32443577,
30867382,
31369412,
32888369,
42812348,
40377455,
33492213,
34524787,
31236000,
31216497,
37777424,
33289944,
31512178,
32800734,
33524397,
32799092,
32060180,
40310937,
40394738,
33294005,
39887233,
38108635,
35868233,
39381823,
37645417,
37707970,
44424593,
35276186,
33841919,
31383803,
33869890,
44391235,
34066484,
49881271,
40519500,
41990058,
33523801,
42094277,
34387692,
87472914,
37330299,
36352682,
40035768,
42321983,
36784967,
32438116,
121935604,
39139276,
37876304,
37971403,
44036627,
39813707,
41385249,
37984575,
49313333,
45570969,
34821604,
33003454,
36558292,
34583336,
35891464,
32200846,
34505207,
32165062,
34911439,
32252515,
32666559,
38802268,
42092360,
42591625,
39721828,
37314495,
41505408,
43753956,
40187479,
41739155,
41373400,
40593761,
37524417,
43030173,
42663897,
39012611,
47197412,
40965544,
37293622,
39743280,
36028935,
55451057,
32476394,
32021392,
42442726,
37047840,
37824779,
36801845,
33667915,
39173029,
37163336,
44839862,
39956960,
41293893,
40923359,
38375564,
36494894,
34655825,
30650307,
32014540,
37734221,
37761534,
38761969,
36893039,
36780105,
36641920,
33465958,
31032575,
33298615,
46766368,
37553631,
30780325,
30598822,
32538130,
36932975,
39408626,
38408045,
35699860,
39120979,
37575547,
37946329,
39373628,
44592645,
42440609,
38838947,
33515824,
44519454,
35216798,
30595157,
31070205,
36160009,
42796762,
40069940,
36653838,
36826827,
51038116,
41040950,
32131996,
39772824,
34417946,
31208027,
31936362,
40992684,
41132577,
37181488,
32683216,
33227115,
37609033,
37158667,
34859056,
36525291,
30565045,
30588714,
31690233,
40958749,
39518810,
32967187,
40977936,
39452842,
33946755,
30639392,
34098342,
34090924,
38678742,
36968402,
34380684,
37842183,
38483418,
35839084,
34373671,
38555316,
36350317,
38188920,
36829048,
33842237,
54370435,
34048276,
36190574,
38713860,
35363246,
34230925,
32010952,
31840921,
46415705,
35533774,
32864124,
37121317,
36585520,
36125950,
33850743,
30234653,
30825150,
40427197,
37670110,
47572562,
36529227,
36922891,
35499363,
34992372,
35679925,
35866458,
39540134,
36245460,
32870198,
32847588,
33444562,
31028489,
30327628,
41869749,
31302275,
32438346,
35121570,
31796243,
30634889,
30858398,
30351852,
30811512,
30067201,
35445418,
38906929,
39515839,
34502317,
29799002,
35192029,
34285639,
33631441,
37745036,
38041177,
35243439,
46348225,
37647407,
38689424,
41992209,
43271105,
34778748,
33329917,
35808805,
31915061,
38835896,
34800256,
32145685,
35004238,
36971133,
40093183,
37633091,
31684347,
30499502,
32785464,
31787973,
31423861,
37843420,
33902780,
30389082,
30132614,
32420693,
32472715,
31437562,
31976174,
40138743,
34559664,
38556639,
33746191,
37841213,
38949108,
40452861,
35567830,
35577495,
36496300,
41059297,
43691724,
41836095,
39356443,
38904982,
34809963,
35489209,
42611092,
40630090,
39945205,
38698467,
33285161,
36425400,
40931841,
36368470,
35817524,
38801566,
33202788,
34546729,
36091073,
39245978,
39411730,
39914780,
37140436,
36134205,
36749356,
37676216,
36628167,
41752305,
38748128,
32232690,
34981457,
36830432,
45953573,
42625805,
38545556,
40715744,
41001717,
38537988,
40468450,
37768428,
40461431,
38628128,
37450708,
41286929,
35492815,
38229106,
42096370,
35763600,
33780041,
33532309,
36141980,
36116505,
40315871,
93994991,
36276678,
36385240,
36382772,
36267219,
34863978,
39061622,
37219223,
36817410,
32524711,
32673706,
30499708,
30278833,
32892812,
36153327,
34096044,
42348938,
36232029,
34560781,
36792595,
35729386,
40140746,
40264210,
30403349,
31606003,
30437838,
35491889,
32700918,
33403307,
31037208,
34567165,
37976270,
45594788,
39343025,
36716586,
38810479,
39516014,
40289326,
32921328,
34260819,
35884079,
41951290,
32672091,
38854696,
34855672,
36150432,
32838509,
34173719,
30838322,
29965629,
34856135,
38097329,
39918811,
34153796,
35792913,
36748933,
39428698,
31610983,
32287667,
32330728,
41483750,
37740264,
34363269,
38560471,
34369375,
38324506,
38896018,
33909754,
30382211,
34222951,
45693475,
35976079,
38155048,
37363718,
36051960,
30678904,
34965549,
