76005527,
5290966,
3525961,
3907137,
4526697,
3911832,
3749114,
4666092,
4071676,
4132355,
7262062,
3491417,
3780505,
7284193,
3921476,
3223787,
15673907,
8580153,
6065357,
6257183,
4366820,
4631121,
4993070,
4799745,
4033884,
3608622,
11633241,
17340535,
7370647,
7630269,
8341110,
10185547,
8551232,
7996283,
9216085,
4813713,
3392309,
3320133,
3287709,
3832358,
6186114,
5557549,
6720004,
5668194,
5050535,
4891227,
4025610,
5623982,
4108490,
9795001,
13353131,
9439989,
4776360,
2778610,
2306322,
2565075,
4589032,
5688442,
3737018,
6046790,
13838291,
12951843,
10078375,
14872724,
5521380,
2255077,
2651835,
2542105,
2814767,
4814333,
3636680,
3498857,
4144323,
2804571,
3630695,
2524851,
2491514,
2810579,
2445614,
2282807,
2773090,
2450608,
2798435,
2836894,
3519963,
3560300,
3788493,
2404014,
3202921,
2370811,
2617684,
2569749,
5726509,
3849466,
13173893,
5006996,
4493037,
5988226,
5224210,
3560480,
3671864,
10985181,
3632338,
3371422,
4860300,
3157093,
12059092,
5094092,
12281710,
12327578,
11464770,
12079556,
5275245,
6438682,
6183250,
9410748,
14147803,
12646512,
10870617,
11668994,
11687229,
8410661,
12594121,
8400473,
10887289,
10318386,
12728880,
6548329,
7358472,
8374682,
9765818,
9966334,
7706200,
11430229,
11724306,
11718523,
11562585,
10259892,
8376845,
9269196,
8721304,
9325071,
7840800,
9825072,
8440206,
3138843,
2051427,
2066080,
2844511,
7766562,
6912697,
5191332,
2238220,
2430925,
3038038,
3286449,
10107992,
3768122,
3922098,
4066987,
8788360,
7986113,
6001423,
3209103,
2884042,
2389868,
2755803,
3389315,
3160058,
3429166,
3368565,
2459415,
2280038,
2260066,
3383856,
1941235,
2659217,
2678797,
8231519,
9245486,
11536202,
8922020,
9795613,
8251933,
9660864,
4793656,
2855868,
2917484,
2049966,
2708457,
2354434,
3313882,
2227062,
2109360,
2385449,
2048440,
2103796,
2153633,
12000889,
9148465,
2972253,
2415794,
3170348,
2948025,
3082077,
2787662,
1992475,
2160675,
2138152,
3134733,
1943344,
5379747,
4378672,
1877813,
7302566,
3139091,
3180139,
8062199,
6187192,
8180328,
3410495,
2073393,
3615945,
2912467,
2209220,
3030981,
1944265,
5329927,
2392173,
9938795,
3276495,
2901712,
2916804,
3829914,
3807106,
4448007,
7182028,
10537853,
8459452,
2328563,
2040752,
7227017,
7449551,
4328552,
10387138,
8670127,
9184892,
8217072,
12374718,
8792728,
3029870,
2239174,
2176557,
2378673,
3109579,
3102640,
2324875,
2152111,
2683866,
3028149,
3137410,
7729903,
8717677,
7460420,
7384809,
7856627,
7583294,
8097603,
7907534,
7421412,
8166101,
7094214,
9946295,
8516791,
4237664,
3870921,
5738534,
5948002,
5677527,
5865773,
2908142,
1877949,
6902696,
6864998,
11052694,
2489149,
6924944,
7924701,
5624358,
7671910,
7881316,
7846916,
9007885,
5856771,
2863884,
1964201,
2164494,
2745510,
4505924,
6978644,
7317038,
4622011,
4759299,
6617525,
3321751,
2226053,
1987953,
7001590,
2426065,
2284576,
2563338,
2246023,
1861050,
7422298,
7605597,
5032289,
5077760,
3574180,
7939551,
3732402,
2913322,
6948174,
9078115,
9545786,
3881631,
3376629,
4910852,
3131975,
1814646,
1885029,
3157257,
10471857,
10499072,
7291173,
3951932,
3056915,
8007948,
3822902,
7573520,
2194768,
2233370,
2819557,
7807614,
7047814,
11117877,
4502382,
3279381,
5456480,
6061756,
5272571,
5733013,
2886026,
1993713,
2392145,
7438858,
2387813,
2545834,
8492602,
5745782,
5212837,
2667949,
2185248,
3699279,
7035405,
6929395,
4320969,
4505917,
8186846,
7381088,
4849061,
5012047,
4683867,
6759299,
7414997,
4547565,
4593947,
4639880,
7236359,
5917291,
5121962,
7222857,
2593270,
2357459,
2596479,
2294010,
2058770,
2905618,
6521384,
6760727,
3604895,
1881644,
1838216,
2304244,
7815763,
7358112,
7807211,
6630152,
6831615,
3299238,
3336207,
6308636,
6830084,
10615214,
3207740,
3017712,
2709431,
2232966,
1898442,
2326170,
2453911,
2766852,
3385836,
2063151,
2104441,
1948775,
1839393,
1929340,
2053391,
1911399,
7174474,
6990775,
5284515,
2835144,
1848583,
2252516,
4745252,
8130439,
8414373,
6849895,
4175868,
5480240,
9351645,
9520245,
6327636,
4690417,
3493243,
3255163,
2050903,
3025386,
2030158,
2146668,
3158648,
1954874,
1930863,
6071275,
1873786,
3069987,
1945879,
1866752,
3598646,
10448668,
4175012,
2071812,
1829407,
2532528,
4241536,
3706956,
2101687,
7563049,
3709810,
1984529,
3073336,
13784246,
6873276,
7615530,
6678677,
6404106,
8815253,
7090612,
7146921,
8039752,
10060508,
6496240,
4698656,
4539769,
7638478,
10139152,
10096993,
10268574,
2653931,
3110113,
6032192,
7271613,
7423196,
3296061,
2202075,
5633367,
4496020,
7598525,
7792068,
4773984,
7072121,
7036604,
7151568,
8919619,
6918039,
7505335,
8435628,
2244920,
3255695,
1946172,
10436770,
7409911,
8243447,
7917585,
7950967,
8054366,
7634085,
10992780,
7941347,
12531828,
11245381,
7357651,
6942862,
8156388,
7214334,
4848083,
4956264,
4316075,
6215035,
6688213,
6689970,
6286611,
7222871,
6963967,
7705939,
7468417,
9157759,
6671903,
8299508,
8156137,
2079882,
3519230,
2660171,
1809157,
1977907,
2397502,
2805083,
8730082,
2767086,
2727495,
5989891,
6728524,
7041631,
4012988,
1999511,
2130407,
1951112,
3147838,
2089513,
2613579,
1884595,
1900632,
6871575,
6762433,
7067690,
7257851,
6879141,
7602474,
11088220,
3811280,
3384560,
3464483,
7509983,
3369711,
3769525,
4238528,
2159266,
1888719,
3039143,
1795559,
1773663,
1805509,
9257641,
6257729,
2947531,
6989940,
3444709,
4705640,
1729749,
2763986,
2575792,
6500925,
8962976,
3967527,
2148584,
4575934,
6536403,
5763847,
5596396,
2699029,
1939308,
1869096,
3954657,
7805055,
6506143,
2643833,
1963156,
2206418,
4083762,
