54831323,
4445510,
3349845,
4524506,
3873307,
3194683,
3066225,
3100702,
3228075,
3194635,
5180613,
2856640,
4162491,
3354658,
4747098,
3384005,
2557138,
3086772,
2984211,
2812506,
2694140,
3027212,
3053069,
2317849,
7608252,
8680093,
10729638,
10496118,
9180259,
7915542,
9438185,
12225915,
8953813,
5652231,
3627938,
16084267,
4075584,
5625129,
5602719,
3436636,
3965181,
4486842,
6525383,
4827722,
3428294,
3363126,
4227911,
3836881,
3048157,
4465820,
2904769,
3153194,
3300894,
2831301,
3095002,
2579364,
2109948,
2193922,
2705845,
2544753,
3158176,
2426564,
2273915,
3627232,
2599478,
3179585,
2535894,
2925712,
3017296,
2071551,
2788661,
1996006,
2222474,
2255945,
3240123,
3574879,
3718608,
3286047,
3402659,
3922240,
3379827,
3246822,
2741424,
2978732,
2483711,
2068597,
2939397,
2438499,
1777031,
1795428,
2272129,
2768427,
1864871,
2537793,
1908065,
2128375,
2051852,
1852730,
2085653,
2314049,
1897311,
1893664,
2057405,
1728809,
1785202,
1810618,
1991020,
1886360,
1936635,
3122419,
2641988,
1762963,
2021915,
1726162,
1727985,
1733328,
3726031,
2482030,
2885656,
2063456,
1917000,
2813115,
2673876,
2701845,
2492778,
2281416,
2092656,
3570442,
2097264,
1862957,
1741334,
2055596,
2135426,
2456352,
1843017,
2664294,
1914730,
6574172,
13404311,
2755451,
2292408,
1571758,
1580316,
1716718,
1659011,
1627786,
1448950,
2975071,
1941259,
1970394,
2050379,
2246918,
1983790,
2164392,
1889689,
2076296,
2222995,
2051932,
1686074,
1713796,
1823054,
1393539,
1988110,
1358139,
7221163,
2544027,
1574237,
1638260,
2121972,
2533562,
4078157,
3137960,
2747351,
2114501,
1911100,
1841754,
2114083,
1917292,
2071047,
2121232,
1420767,
1295278,
1594547,
5012272,
5545497,
5729201,
6509720,
1821264,
1473208,
1953918,
1563654,
1737606,
1780539,
1452552,
1576810,
2146510,
2084224,
2572790,
1771983,
4132844,
5293074,
2853563,
1369861,
1510807,
1690544,
1462125,
1515609,
1743056,
1407893,
1345461,
1495093,
1658875,
1571016,
1750375,
1987993,
1322455,
1543207,
4971123,
4923671,
4968887,
1965820,
6335125,
3209093,
3146154,
2058979,
2063718,
2183287,
1455640,
1645019,
1590539,
1696813,
1827336,
5636131,
1693847,
2517548,
1684302,
1670205,
1828351,
5936568,
3865089,
1435633,
5136089,
1496242,
1555770,
1962042,
1918258,
2364249,
1440112,
7147830,
2600510,
2461027,
2403024,
2607104,
3094473,
2091805,
1737777,
1344648,
1509111,
2085670,
2141615,
6812593,
4921077,
2748609,
4276211,
3361597,
1499994,
2836593,
6974539,
3243997,
2978035,
2306062,
2214123,
1614604,
2162951,
1305677,
1452404,
1355894,
2192207,
1530897,
1473807,
1671099,
1438272,
2058922,
1397234,
1834537,
1357153,
1329466,
1390023,
1568433,
1350890,
1740681,
1712892,
1501927,
4444541,
3807670,
2189961,
1577652,
2053896,
7036245,
1612864,
1645026,
1329511,
1486696,
1444550,
7019754,
7734670,
3096224,
2141617,
1996450,
1442048,
1657730,
2103585,
1679300,
4046177,
2203999,
1970680,
2956538,
1840310,
1328228,
1636090,
1850165,
1990725,
4666603,
3060135,
2273438,
1313867,
1557707,
1695396,
1277649,
1280054,
1385480,
1286484,
5977069,
1510546,
1535868,
1400391,
1768641,
1397052,
1347353,
1452454,
1638782,
1462339,
1370298,
1859589,
1980339,
1815344,
1831297,
1915495,
1905466,
1944026,
2516992,
1876208,
2044779,
2076094,
2673317,
2795315,
2641043,
1388458,
1878079,
6523077,
3676291,
1469136,
1633609,
1270893,
2333973,
3061686,
1506366,
1864643,
1466742,
1505006,
1646347,
5143429,
2734334,
1516497,
1504076,
1621242,
1969524,
1559563,
1937115,
1618829,
1960069,
1704022,
1745773,
2605886,
2329657,
1825671,
1270727,
1864751,
1271548,
1286131,
1475314,
2013720,
1795377,
1574105,
1960230,
1839931,
1380032,
2448515,
2440704,
2115187,
1450148,
1451190,
1515605,
2016772,
2025461,
1202081,
1409744,
1304755,
1380222,
1393338,
1538877,
1611201,
1444871,
1479046,
1288574,
1289022,
1404719,
1205084,
1329679,
1310421,
1416456,
1429457,
1317016,
1516289,
1753370,
1240669,
1382675,
1467609,
6708389,
1904782,
4898455,
4069551,
6308500,
3320958,
2386511,
2239447,
2689632,
3099509,
2059766,
1962879,
2283778,
4971530,
2336011,
2241273,
2222713,
3460591,
2347049,
5683833,
2242455,
1661825,
1813609,
1991442,
1674816,
6951526,
1583525,
1773885,
1613269,
1321852,
1325586,
1278610,
4340726,
4389551,
2293898,
1473749,
1442747,
1604157,
1458363,
2081339,
1401706,
2521321,
2660401,
2847636,
2657852,
2678539,
3631639,
2557154,
2629316,
1678326,
1331822,
2281553,
1386682,
1428317,
1580968,
1416671,
5066367,
3314727,
1441791,
5928452,
1588827,
1516646,
1417241,
1538410,
1820131,
1822487,
1729192,
1796095,
1742391,
2626824,
2118027,
1907192,
2011105,
1843949,
2130754,
1748462,
1796858,
2606967,
2063765,
1666919,
1716133,
1847344,
1844875,
1899279,
2193483,
1526883,
1587380,
1615906,
1518602,
1791109,
1835666,
1426428,
1282399,
1452017,
5321489,
2233567,
2131155,
2313015,
2331610,
1906134,
1890677,
1342498,
1789857,
1549389,
1676494,
1389787,
1630266,
1385269,
1694632,
2870887,
2657050,
4848516,
2037705,
2221223,
2608617,
2248601,
1996699,
2017314,
1844558,
1444172,
1833574,
2185374,
1207911,
1831319,
1698364,
1150867,
1340562,
1211768,
1599754,
4184833,
5283630,
4471951,
3026303,
3368416,
1986222,
3888942,
1466286,
1330518,
1293776,
1944051,
3187188,
5940376,
2835002,
4316046,
4293777,
2475330,
1454857,
1222962,
1284246,
1362412,
1513708,
2171494,
2230778,
2960605,
2152363,
2040622,
2047468,
1936158,
2156047,
2049859,
2204479,
4512361,
2472333,
1916300,
2080934,
1864062,
1829659,
1531578,
1680460,
1418642,
2207564,
2346804,
