417070401,
30486265,
60599357,
30895225,
32212412,
26695479,
28532217,
27641888,
33849641,
23834911,
35187420,
24928198,
23412471,
26262153,
24374431,
24412300,
50064902,
24204611,
26596534,
31157428,
24591949,
24441919,
22438221,
22893308,
25171578,
22869572,
23334115,
23056191,
22557949,
62613528,
34126477,
51024156,
35551735,
57764079,
35662432,
40004890,
40606062,
29894961,
35262181,
116353025,
54191736,
68414213,
57309854,
24745132,
25231008,
27019224,
42695298,
25619361,
27962250,
24658252,
36781620,
43050938,
28440245,
24127674,
25783799,
24241540,
55967158,
21467114,
36694255,
24620861,
25212992,
41089737,
24754988,
24981149,
23507594,
21561026,
23939133,
26304618,
24359696,
24252474,
24033315,
25933030,
28861726,
28604646,
28421070,
22611388,
23724984,
21863071,
31509956,
39444038,
28739937,
22123794,
23047591,
24011174,
22664502,
23135500,
25395184,
30178251,
46616694,
22784717,
22497657,
20663132,
22327447,
23114766,
23430222,
37753084,
21733918,
21961262,
22317580,
21652793,
21115666,
30441643,
21190765,
42761266,
21431780,
20944348,
21367057,
21409290,
21468622,
19857262,
21501841,
20657418,
21356635,
21093191,
22081804,
37228931,
24131463,
22038755,
20878246,
25754789,
22710507,
21684202,
20239314,
20863625,
24902068,
25384599,
23646255,
21825557,
23304534,
27623969,
21042186,
21616289,
20318061,
20801685,
29196931,
21963401,
24195767,
20236932,
21220942,
37692156,
21989666,
21646396,
21598146,
24720791,
23613532,
30865682,
27068795,
20579218,
21180975,
21066957,
21483976,
20121028,
20437029,
21260404,
21177886,
22110092,
23349392,
25624440,
22791683,
46043528,
27539936,
25345159,
20563882,
20836852,
21985573,
21299845,
21655125,
26447130,
22038070,
20985054,
19591996,
22545258,
21390046,
21190362,
27426797,
27353963,
28701184,
24382191,
39197990,
27692399,
42344880,
23888589,
25705406,
21072333,
19802899,
35523297,
22847342,
24200762,
24104584,
20781036,
20994543,
21267431,
20727067,
28324757,
36268595,
31740372,
32704638,
39214076,
23080314,
23087888,
19728838,
23853946,
20275503,
21121463,
21328899,
22158630,
22439274,
43369007,
26874988,
27196784,
21518527,
20058495,
24501401,
21575694,
23580238,
27405673,
20941945,
20102862,
41137962,
20575136,
20795742,
20317221,
23303702,
30542558,
76805243,
27820415,
27621888,
25488771,
25960171,
30341920,
24609716,
20726544,
22373163,
29754283,
21660301,
22175278,
22837624,
20212303,
19909587,
21494172,
21060685,
21762631,
28864219,
31570746,
21654474,
22049880,
21433679,
21783147,
23849259,
23718521,
27389858,
23737811,
22030805,
36739804,
20705010,
22118635,
21686803,
20371186,
20213013,
19769588,
22079811,
21789225,
25627581,
21887532,
22315838,
22516228,
22308813,
35354238,
22805914,
21352865,
19498855,
20734851,
20565340,
20021237,
22140704,
30325879,
27588798,
22882263,
20995440,
20772049,
29473103,
31527872,
29506555,
30084264,
25632512,
24213773,
36603815,
21920547,
19862100,
20648023,
21637660,
20275880,
21372415,
31615129,
22698041,
22559559,
22174021,
19758939,
25438066,
20331639,
20705498,
19458087,
99491016,
21129139,
21183023,
20790927,
20415268,
22143387,
20055759,
24887594,
21496310,
25398481,
20908787,
21561112,
27240257,
23126370,
24856270,
21870213,
20334321,
21552998,
29650471,
27898918,
23194527,
20137996,
23478570,
20370459,
20263542,
21314550,
21705421,
21107944,
24409497,
21354549,
20897687,
21362667,
24432056,
20139666,
37167854,
21894738,
22738167,
27245038,
24466252,
21557281,
21997191,
20199252,
24527020,
23957022,
22347991,
22618163,
19334877,
21480863,
21827544,
28009031,
32368619,
19230897,
20520540,
20916974,
21057291,
19837103,
19799189,
20477454,
19782499,
19866008,
19990139,
21117294,
25561259,
20118098,
21311402,
22818315,
20407853,
21574786,
22311199,
24326955,
21068287,
20273712,
23316310,
23114060,
23111190,
20564085,
21159775,
22653882,
26618758,
23444174,
20945672,
21697843,
52016632,
23148519,
22227426,
19881229,
29263139,
19589486,
33234894,
25729309,
22527109,
19959061,
19094015,
20573221,
19534528,
21333344,
20934340,
21055479,
21198053,
20538970,
19595297,
21478717,
21791173,
21127018,
22701427,
20142679,
25376092,
19812710,
20689896,
19632125,
20315539,
19506775,
35275609,
19976965,
20714300,
21057156,
29185315,
21381586,
25382727,
21808677,
19283209,
20098118,
21545054,
19945984,
21747276,
19728990,
20695289,
19374992,
20472886,
20265424,
20032041,
20827724,
23646728,
23670034,
30091295,
24415477,
22381590,
22940800,
19692249,
18746374,
19198034,
18933270,
20638992,
31663913,
32408523,
20907280,
22298234,
19803559,
23546082,
22945264,
25318031,
26469714,
21070912,
25231992,
23061767,
30799051,
28132647,
21777512,
20799802,
21634772,
21496645,
27579322,
23059232,
21638040,
21656799,
20334272,
68183621,
23027183,
32370226,
20952138,
45540378,
28116411,
22828499,
25182947,
21432511,
20301341,
23006174,
32961276,
19770865,
23907301,
46572746,
21222309,
37874618,
26814001,
32390201,
20371132,
19484439,
18423558,
19404049,
19946784,
57092358,
38343247,
23639609,
48491634,
22006719,
20771215,
26515053,
28839888,
22699950,
20609904,
20787074,
21414546,
21233194,
26796446,
19187505,
21946899,
26243719,
22604066,
23027246,
31987708,
22913771,
25099895,
20548119,
23369405,
19665564,
21123758,
27234795,
20226441,
21656452,
30019322,
22859009,
20439269,
108336801,
49237521,
23036948,
19848944,
20060537,
19889192,
22424884,
20760856,
22582039,
19731185,
20204506,
30322182,
19951342,
24621209,
21197900,
19458815,
23152758,
21678615,
28070844,
20887585,
24420379,
20405119,
23290869,
21422644,
20645766,
21197209,
21494055,
19960829,
19426860,
20814188,
22029004,
22148561,
19529824,
21620270,
20931817,
20400985,
20795437,
21087677,
21344153,
25382940,
21492643,
23717030,
19936409,
21818784,
19998996,
20012012,
19581195,
22507282,
21901017,
22350436,
19482014,
20217261,
19229370,
20468987,
21764964,
21389565,
25582869,
70517516,
25033690,
19781558,
20690503,
24682027,
20258859,
20666331,
37854019,
20361269,
21852597,
25934293,
37512645,
23895664,
24227262,
25208696,
21001643,
19801496,
39514465,
19421909,
