368449702,
24146322,
24577025,
22588335,
26653816,
27734451,
23095991,
25132666,
22390071,
29318185,
22171419,
24427526,
24886950,
22355960,
34460381,
22237732,
21811600,
34397213,
21549179,
34011971,
22478324,
25191220,
25062502,
27458543,
22909152,
23367285,
21903909,
23406416,
23413195,
32437163,
32717117,
39396833,
32504035,
38983846,
31101220,
24765439,
22078097,
22808307,
20591599,
20703488,
20198202,
21861625,
23334162,
24064293,
20961957,
22217239,
24968127,
23721625,
24027117,
23981207,
21457311,
21260496,
20720584,
19387258,
21499156,
21293519,
19787720,
20119780,
21719511,
22832265,
24195842,
30109324,
29790572,
29318949,
29564290,
33959973,
22055270,
26422763,
20300411,
21949268,
26862481,
22660217,
21730801,
28780069,
19683984,
20994952,
22476152,
21992663,
22724408,
24619905,
22228313,
19208105,
20505571,
18828203,
20962207,
19878029,
21535692,
21808584,
19422814,
30787125,
22444177,
23037072,
22370622,
21759335,
20293353,
21713943,
19091538,
19042062,
22842188,
26593464,
30589557,
31870035,
28134887,
30256539,
27892554,
30263529,
30489497,
32759303,
27094176,
19957280,
19586071,
20651746,
21448603,
24621253,
19230318,
21869464,
19426778,
20321436,
19889581,
19883450,
20627963,
19625483,
18516440,
22438829,
18900734,
20228320,
20501968,
21191499,
20337705,
25169693,
18235391,
18461189,
20738011,
19705076,
20112780,
23007868,
20772889,
18227367,
20423816,
17635879,
18511806,
23378436,
19330307,
26196207,
20094552,
20061847,
18444351,
19141230,
19623814,
18595446,
19594855,
20296109,
19117861,
19980945,
18322540,
25041222,
18255438,
18300990,
19651113,
22330040,
29824930,
25045369,
20491189,
21401667,
21054503,
17640261,
51880554,
24221239,
52763468,
19286956,
19396966,
50933388,
22175942,
20311595,
29220899,
22929442,
19901409,
21349684,
19798540,
19304632,
21490019,
20054654,
22961276,
27142028,
26523143,
21128984,
20665470,
18439040,
17873808,
21742606,
19096674,
20165419,
19052985,
27407093,
20054048,
20209715,
23954123,
28466465,
30099567,
23718201,
21730810,
18967173,
19447980,
21989560,
29950678,
23811860,
18686187,
19167660,
19723226,
20738933,
18445920,
19266196,
21436269,
18147892,
26824137,
19900082,
26783171,
19961930,
19507203,
16989775,
19167926,
25747519,
20131617,
17744020,
25163189,
18302502,
21162546,
17595551,
18601679,
21350629,
20636054,
21072708,
17497431,
16980868,
20710120,
20335640,
19208474,
18938736,
18427873,
22151679,
19779848,
21906014,
19932182,
17763987,
19507710,
20517442,
19891602,
24007965,
19933060,
20922953,
33301262,
22751959,
27194738,
33124696,
19562289,
24057148,
24297407,
20987458,
18907772,
18815500,
35749974,
24049735,
22936979,
21400531,
26770392,
37678000,
20358538,
18674868,
26044090,
20763668,
18306611,
17163362,
19085634,
20431196,
20109618,
21197688,
19190270,
17071509,
22119518,
17288961,
22269495,
17566212,
33115810,
21594895,
22755257,
22752212,
19136787,
31099890,
22342109,
26589864,
22193109,
24529864,
31193270,
22524683,
24320728,
27791587,
20947049,
20014421,
37018373,
26932689,
31471911,
19378074,
22072131,
20434861,
19902216,
19359209,
20549053,
21556018,
22744256,
23010125,
18457846,
20731381,
22104854,
21631508,
21072243,
18908371,
18243491,
22735213,
19431912,
21664088,
19213230,
24502598,
22798606,
19268875,
20497889,
24282014,
22494224,
19661659,
28338132,
41958214,
33865236,
30140895,
20584964,
18992459,
25866693,
22480460,
19790012,
18029239,
21836551,
19357464,
24565137,
22060738,
24186826,
20438666,
20830826,
18885821,
22219528,
27262947,
22301600,
23518437,
29478027,
24375973,
17867738,
18644975,
24678759,
18071578,
20145620,
18398045,
19619541,
19852411,
18624188,
18781466,
29167831,
24553870,
41098901,
21005103,
23274829,
25917776,
24268253,
26645500,
25675130,
20411875,
20461474,
20890646,
17868767,
19043916,
89372093,
26120499,
24160348,
20450733,
17337885,
20395333,
18743997,
18118847,
38953002,
26443421,
29154684,
24016101,
18959496,
22323586,
21879630,
24202503,
27608743,
23969911,
25995098,
25145336,
21580559,
21955036,
19683153,
18270951,
28945940,
20424891,
17915121,
17392560,
16808314,
17863110,
18716827,
19201510,
19971586,
19250261,
27160384,
25073333,
20830527,
24254483,
22863399,
25018638,
27666303,
17624598,
17318923,
18092130,
18191070,
27450480,
20066281,
23174586,
28234740,
30444477,
24384074,
19462740,
18332712,
22399939,
18452640,
19923377,
23484575,
20039687,
23478604,
20059482,
20587540,
23756105,
25361199,
26715126,
25877823,
22068384,
27243759,
18135956,
20268467,
19077804,
18754950,
20504174,
19237891,
18121108,
26950154,
20087455,
24196762,
17641315,
20265517,
18968183,
27619813,
23855517,
20963854,
17637182,
18329407,
21670747,
24673084,
27914709,
20685183,
19651969,
17547560,
18550213,
68953839,
24595643,
21437390,
20114249,
18118356,
17485869,
19325021,
18198488,
18411857,
20502045,
22810457,
22846057,
19963237,
19662726,
17278055,
20699172,
18138948,
22750700,
23912795,
24491302,
21439614,
23811459,
19119130,
20668986,
24424357,
25003607,
20617914,
19485330,
17468854,
17347070,
20744427,
20899189,
21131979,
18791277,
20480672,
21229039,
18332956,
17650087,
22546561,
24669280,
23624966,
26613737,
22641419,
18316710,
19276914,
19690183,
18317799,
29439439,
26167578,
23598711,
30774103,
22549150,
23449175,
46841477,
24720663,
18966015,
18082480,
20579684,
17567180,
19901006,
19471087,
17999116,
22840688,
114645718,
17740131,
19519836,
17404496,
24055436,
18965256,
19132556,
18262268,
17980948,
23118747,
21319528,
42280673,
20434451,
20561420,
28086689,
21460846,
19565029,
18892728,
20610368,
22710018,
17563673,
19920263,
21900978,
25482023,
22354907,
19101302,
21327588,
19183294,
23535742,
26504556,
18272311,
20479771,
18468868,
23920354,
24734008,
26766953,
18735378,
20630513,
18211381,
18032330,
18968088,
18529517,
18308718,
18152034,
21641731,
25127313,
23594483,
23076408,
21039306,
19727876,
20378695,
19435779,
17493861,
20798746,
17897333,
17725461,
18707126,
20651256,
20021581,
22809760,
22700208,
20119274,
21919250,
30589428,
20834142,
19492850,
23405124,
27148445,
21142019,
