190345674,
4050748,
11551852,
4088560,
3731225,
5180761,
4510143,
4358969,
6679669,
7720032,
4544927,
5111115,
12742537,
12801009,
15014536,
14898010,
5498287,
3589155,
3244094,
2898735,
2909587,
2948255,
3013542,
4095803,
3609387,
4452038,
5224041,
3463497,
4025503,
3161376,
3014800,
3692183,
4081089,
2953895,
3705219,
4572110,
2778942,
12006727,
9787576,
9990751,
10524838,
5183244,
3126936,
2836728,
2713647,
3640400,
3074696,
2965789,
3093741,
4162508,
3851666,
3921754,
2240600,
2133448,
2180167,
2835279,
2197947,
2338884,
3480709,
3570596,
2583395,
2591153,
3068105,
2892621,
2410683,
2394634,
2361755,
2943454,
3498060,
10782011,
9734667,
9095249,
8593151,
9187579,
12393792,
9119072,
2815498,
2357710,
2221551,
2337921,
2219342,
2236757,
2621721,
3445479,
3803563,
2449803,
2877782,
2187628,
2541618,
2051638,
2790657,
2850989,
2369243,
2328667,
2560962,
3537978,
2704126,
2079495,
2255412,
2072076,
2235299,
2029226,
2150213,
3175576,
2241747,
2693414,
3016451,
2785732,
1886111,
1907146,
2363549,
2270424,
2003606,
2022312,
2610797,
2160521,
3598392,
2588459,
2652873,
8898526,
2738055,
2468373,
2261747,
2164256,
6869798,
6807941,
4938292,
5899376,
4051115,
2842315,
3213071,
2800142,
3054406,
3082052,
3699006,
4271758,
3527874,
2921185,
3098718,
1885323,
2595815,
1664962,
1693194,
1951790,
2665095,
2391061,
1951272,
2155618,
2497659,
7589640,
4425698,
2694854,
2446878,
2022456,
2070279,
2052708,
9395394,
4115304,
2013287,
2097126,
1758117,
2037328,
1816876,
1720958,
1798816,
1701457,
2876775,
1805360,
2170086,
1861399,
2048796,
8548545,
3044611,
2024825,
1868705,
2009362,
1746140,
2042191,
2870483,
1838991,
1756516,
2600818,
1688585,
2445044,
2262116,
2057241,
1775327,
1738677,
1703871,
1745175,
1794541,
2071961,
1828906,
1859211,
2079077,
2838283,
4061451,
4473347,
5095731,
4123772,
3670763,
2729663,
2709976,
2475413,
3987084,
2516961,
2177791,
6232084,
6019856,
2969913,
7343458,
6501192,
2757450,
2629119,
2659656,
2497651,
2498358,
2713281,
2266847,
2462182,
2438987,
2618834,
2488949,
2745958,
2383394,
2172895,
2051115,
2594215,
2846971,
3227892,
3788407,
4696778,
4205389,
4245740,
4549927,
3950511,
4518645,
3607281,
7248638,
2454128,
1765558,
1702176,
2037940,
2728770,
2901760,
2267837,
4171280,
6520135,
1616915,
2037939,
4206226,
5094921,
2276133,
2003306,
2412395,
2643921,
8178533,
2107269,
2010568,
2622912,
2689364,
2357004,
3048979,
6365907,
6880659,
3026128,
2391748,
2845718,
6120490,
4172848,
1897190,
2065585,
2499096,
2848594,
2818687,
7319078,
3851736,
2016188,
2028305,
3336032,
2879552,
6230431,
5933646,
3616351,
1945219,
2189414,
2025499,
1687157,
1732144,
1664124,
1661726,
2298985,
2674331,
3678097,
2816927,
1897484,
1618508,
1665227,
7832218,
5937021,
6631135,
4633525,
2052060,
2028174,
3307446,
2080979,
2183468,
2209214,
2825583,
3879322,
3360127,
3617486,
1836582,
2620002,
1593748,
2174403,
2301838,
1638688,
1720018,
2622892,
6023948,
5281044,
5224600,
6738177,
7562142,
2731617,
2778661,
2432308,
1810200,
2233297,
1764583,
2039789,
1676122,
1632742,
1621220,
2566879,
1859259,
1542888,
6538395,
4325492,
2020249,
5916870,
6014481,
8208274,
2732469,
1825046,
2062830,
1880171,
1807671,
6534708,
6134681,
6509109,
2641495,
2673486,
2591622,
2745169,
2776700,
2152041,
2176355,
3301793,
5783327,
6246061,
6453204,
1787009,
2440426,
1628792,
1604189,
1657483,
1538741,
2472565,
5975336,
3640126,
1740738,
1939623,
1871840,
1845390,
2002927,
3297753,
2453606,
3199563,
1588749,
2183784,
9370390,
2433336,
1687279,
1538871,
1488018,
1587626,
2001857,
6152227,
6593820,
2982536,
1631139,
1644247,
1762394,
2022414,
7521275,
4185026,
1678437,
1903768,
2050698,
1985527,
5956013,
3839996,
3866092,
5283715,
4168991,
3989051,
4165645,
6457532,
1724600,
1776590,
1917147,
2280521,
2192622,
1719055,
1571343,
1885503,
1790357,
4956795,
4466730,
8393463,
3014366,
2156530,
1949535,
2094799,
2264807,
6051469,
6113957,
1851504,
2206219,
6433233,
6254038,
3155744,
1852662,
1801481,
2354508,
2702877,
2162094,
6485920,
5133751,
1818895,
1815345,
1515039,
1660610,
1528912,
1653905,
6692067,
3440220,
2545789,
1707001,
1656355,
2161838,
2530349,
2013760,
2106804,
5959023,
3062297,
1970351,
1697565,
1830039,
4333823,
6031634,
2971368,
3268959,
2897745,
5919405,
8994846,
1963075,
1804671,
6733715,
6367818,
6912788,
2816923,
2739747,
2621349,
2641415,
1947835,
1939217,
2251789,
6907474,
2698052,
2188004,
2213918,
3527353,
2661367,
1973115,
2103394,
2145974,
2890067,
3302167,
3247747,
3071461,
5538344,
7958544,
2936029,
2936070,
2798100,
1745912,
1668260,
1915150,
6415750,
5792229,
6316462,
2369496,
2120992,
6167716,
6269894,
2994905,
2226693,
2224408,
2243593,
6757332,
1990435,
6567213,
6599296,
6284759,
6266459,
4234091,
4199909,
4283381,
7738402,
2594291,
2292497,
2405575,
3829983,
3928303,
4282279,
3170655,
1849527,
1753248,
2009702,
2675705,
2629394,
3571186,
5965619,
6285185,
3741080,
3311077,
3227114,
6081378,
6270436,
2324711,
2394163,
3965687,
5591025,
4478225,
5864569,
5669879,
3515238,
2014733,
1935996,
1590635,
1419190,
1462864,
1654362,
1435562,
1592934,
1649904,
1624865,
2306712,
5958295,
5639373,
5662089,
6459470,
4055437,
4029983,
5531970,
6839193,
6205133,
2800346,
2334861,
3627318,
6325577,
4189827,
4069074,
6290209,
6157363,
3015665,
4753884,
6112620,
5612974,
2833707,
3308012,
3718888,
2098497,
6353369,
5590738,
2902798,
3512359,
5646016,
6403784,
6313323,
6085892,
6156533,
3775211,
2035598,
2537315,
3248663,
4113473,
