21992309,
3243107,
3047939,
3093440,
3361239,
3982926,
3558663,
3803799,
3263792,
3325911,
3705361,
3121497,
3864986,
4228272,
4049346,
3505424,
3148052,
3018886,
3239195,
2840820,
2648376,
7749111,
8899670,
10619297,
10231553,
7436092,
5413583,
4831057,
5039790,
5040343,
5416137,
6921383,
5594910,
6421318,
6462489,
5640624,
4479520,
5816692,
5281131,
7566841,
5252809,
2380426,
2633850,
1801461,
2031867,
2025876,
2645852,
6263387,
6866736,
4869966,
5284309,
5754634,
5405061,
5427919,
7683752,
5712547,
3930076,
2020696,
2219804,
2422364,
2455283,
3208395,
9447993,
9803559,
3919770,
1991013,
1856303,
1589748,
1706464,
1791428,
1716931,
7156509,
7286464,
6206510,
6174457,
5755271,
3178159,
2486201,
2132502,
2265234,
3043653,
2104120,
2396635,
2218028,
1721049,
1643488,
2228174,
2106723,
2161908,
2240508,
2284721,
2311706,
2315897,
2162492,
2185399,
2264198,
2428832,
1822704,
1584633,
1459501,
5659619,
2489319,
2200851,
1353259,
1730560,
1710996,
2158824,
1618601,
1763716,
1815460,
7665188,
4015123,
1978828,
1456077,
2390261,
2040089,
2050322,
2866619,
2034069,
1950997,
3629738,
3786893,
1871365,
2666428,
2636959,
1532241,
1518355,
1674546,
1525042,
1327972,
2019169,
1864313,
7710036,
4235781,
2138059,
2470093,
1940182,
1895587,
2621203,
2346316,
2337544,
2589501,
2561196,
2253420,
2062357,
1727688,
2117281,
2620262,
1648693,
2239413,
1602325,
2342722,
1526037,
1431540,
1553713,
1474341,
1615244,
1619458,
2013538,
1685592,
1863048,
1768377,
1764515,
1777233,
1631606,
1731594,
1619724,
1848994,
2213237,
1791574,
1260047,
1363836,
1876878,
1985056,
1865469,
1409203,
1417806,
1377130,
1317749,
1295827,
1468182,
1721913,
4190995,
3985948,
2307893,
1657604,
1268804,
1450310,
6112504,
3228057,
1816293,
2103611,
2039379,
5271275,
3166480,
2225604,
2202996,
5510012,
2469030,
2114672,
2261153,
1811833,
1670193,
1999569,
5096662,
4757293,
2688533,
1218176,
1192589,
1187137,
1196166,
1480507,
1768476,
5112802,
2252987,
1860282,
1891212,
1885146,
6586011,
4800322,
3805620,
1379268,
1286394,
1678628,
1616273,
1599818,
1779988,
2544187,
2358691,
1506932,
1537256,
2374657,
5028528,
3864664,
3858733,
4324162,
2068162,
2182860,
2768275,
3436711,
3238700,
3245199,
2314115,
2271630,
2331366,
3162044,
2076816,
2180502,
2580799,
1197179,
1274446,
1316058,
1511680,
1595090,
1701130,
2114003,
5468313,
1667585,
1259772,
4259639,
4292074,
2648559,
4631142,
1946712,
1923199,
1944568,
2017350,
1880121,
1281991,
1971835,
1110940,
1193072,
6219969,
1596001,
1314615,
4078230,
6014011,
2421534,
1348157,
1312601,
1294927,
1436970,
1148096,
1173090,
1701615,
1486428,
1867809,
1247510,
1176281,
1612276,
1723376,
1613067,
1389459,
1356067,
1271259,
1370121,
1265469,
1340191,
1841969,
1238107,
1290265,
1444514,
1322547,
1383654,
1503267,
1391261,
1622025,
2524688,
3670376,
3246761,
3524898,
2306231,
1546997,
1661537,
1305565,
1888132,
1322565,
1811617,
1966803,
2143815,
1885895,
1121205,
1144233,
1151930,
1703818,
4281480,
1204110,
1166872,
1167652,
1290836,
1849526,
1328875,
1959600,
1972349,
2106036,
2053016,
1977105,
2221777,
1999012,
1856514,
1807301,
1285122,
1858604,
1706375,
1428806,
1696783,
2124825,
1908742,
2054076,
2234128,
1610250,
2086104,
1909083,
1873469,
1886828,
1979064,
1981204,
1955224,
1962231,
2085019,
2135514,
2042703,
2093786,
1469226,
1456889,
1362739,
2423176,
2843322,
1706459,
1280332,
1110255,
1076986,
1132803,
1151111,
1135205,
3731032,
1512532,
1465964,
4394379,
1770044,
1702990,
1796566,
1523998,
1406175,
1331960,
1170845,
1190216,
1327338,
1945651,
4283425,
1583136,
1567669,
1793309,
1666208,
1716595,
1971493,
1725063,
2756076,
1987527,
4388368,
3244704,
1775917,
4746495,
3107135,
1421560,
1444086,
1400254,
1346035,
1807418,
2135000,
2637615,
2844418,
4609774,
4629311,
2420519,
1180663,
1305662,
1214468,
1555818,
2033250,
2504848,
2114222,
2035589,
2192408,
1312362,
1319001,
3599387,
4249185,
2759658,
3362711,
2731380,
2084720,
4543942,
2417610,
1399023,
1390182,
4079429,
1412056,
1652077,
1325121,
1231715,
1152341,
1956266,
1767419,
1761531,
1787074,
2011998,
2145138,
1898619,
3963569,
3704045,
1569941,
1158502,
1161993,
6417564,
2860233,
4487285,
3835406,
5030734,
2665562,
2404682,
2008693,
2410697,
1971218,
1936291,
6050498,
3024415,
1154518,
1212582,
1565189,
2393643,
2672700,
3790070,
4300397,
1733019,
1083588,
1705496,
1117033,
1136990,
1382270,
3116936,
3489668,
1120217,
1114142,
1354130,
1568328,
1753686,
1794362,
1709021,
3001719,
5573259,
1742537,
1660196,
3922322,
1179809,
1136982,
1341885,
4325142,
3854862,
3925727,
5168492,
4297027,
2674158,
2429720,
1411804,
1431346,
1442897,
2225565,
3884034,
4304759,
4945590,
2204355,
1440602,
4723975,
5795254,
2402836,
1463160,
1557476,
2127537,
3584979,
2204038,
1284855,
4071323,
4003889,
4820269,
1740597,
4945514,
1602792,
3964418,
3876931,
3813806,
4128030,
2035057,
2313853,
3135745,
3198276,
3288337,
3956830,
4866266,
1940066,
2115746,
2433977,
3891676,
3918458,
4317342,
5490767,
1778940,
1351953,
1199352,
1144185,
1454398,
1349828,
2925193,
4539863,
5242313,
4767720,
2094548,
2141645,
2231238,
4289025,
2787476,
1230943,
1206555,
1200963,
1274464,
1312643,
1209462,
1917807,
4203188,
4370982,
4311934,
3689125,
2325584,
3892306,
4341813,
4365144,
2241335,
1961660,
2969705,
2443843,
3053858,
2434044,
2447691,
3676780,
3872073,
3350837,
2009013,
2453168,
3119414,
3864023,
4155602,
2210915,
1473571,
4180250,
4938092,
4059569,
4807035,
4310828,
2015747,
2053963,
