401710997,
24946175,
29021569,
22896065,
24221817,
20906429,
27570595,
27594135,
37534879,
39788553,
22632231,
24229032,
22556746,
25323800,
25671758,
21828197,
23291406,
27446576,
25453675,
26439029,
25467531,
21368619,
22213275,
21385886,
25494572,
21603104,
22770253,
27846537,
23020049,
22250135,
26234562,
25965174,
22641551,
24193202,
21137899,
24248145,
23538146,
32631746,
36014911,
27885166,
41062842,
32114436,
35987015,
25278874,
28303199,
28317349,
27640594,
23094058,
24035197,
25420232,
23705868,
27098325,
25010610,
29392615,
29020969,
26209809,
25132143,
27237693,
29206266,
27713617,
22239688,
22990204,
27070100,
20074632,
19528231,
23190259,
28494267,
23464548,
34169221,
38896570,
27167353,
29795020,
26253152,
33209190,
28904090,
28165366,
29297065,
28804885,
23298777,
20804582,
21795797,
21768055,
22898738,
19431761,
20138071,
25548494,
27823550,
55497563,
35148042,
21667986,
19260150,
18538546,
21328311,
20197828,
17943625,
21039067,
52905192,
32736155,
32743278,
30070487,
23138098,
20713811,
19309641,
19753829,
18389806,
21011391,
20861722,
48837821,
23883702,
20586623,
19823537,
20659670,
24716409,
18832767,
18599550,
20147466,
18552118,
20244207,
19094289,
19271861,
19721791,
20070141,
23941892,
23720342,
18642219,
18974740,
18919029,
22568331,
21842210,
32000639,
23137384,
18693691,
19629426,
17835342,
20800852,
18776591,
19996797,
19728813,
19635603,
21440213,
26996022,
23857132,
23787731,
22967628,
36538774,
22034187,
20117158,
19341694,
21255672,
21005234,
21885787,
23498758,
22596330,
20046296,
18753162,
18260938,
18885437,
20480493,
18702946,
23614975,
18940217,
19852578,
18810951,
23002749,
40104859,
36575507,
27650942,
24261768,
29981315,
19086719,
21639727,
21169157,
30191238,
18629235,
18322336,
20245189,
18569637,
19565884,
22118878,
20298207,
22778706,
20380917,
19647787,
21526205,
19112625,
19808880,
19447578,
21944213,
19107547,
20905055,
21436932,
19633046,
19593403,
19973435,
19885959,
21369172,
18144542,
19981977,
20910401,
21039416,
18769367,
20915504,
20835650,
20472814,
18609999,
18545921,
19367010,
21882917,
18037540,
18831297,
18336814,
20698084,
18369224,
18715000,
18742218,
21043988,
17445458,
21234327,
21110853,
18298286,
18041827,
22593892,
20704649,
18398755,
18562654,
19185213,
22359192,
28863617,
21988386,
19841906,
18246569,
19222514,
20981993,
25622217,
22485036,
21482869,
60799011,
27089266,
20973077,
23105380,
54641351,
22556873,
21081465,
21636322,
19094821,
19470059,
20803924,
20155282,
38556585,
25544027,
21551130,
19241161,
19102107,
17904099,
17736754,
22340207,
17835765,
20995708,
33838908,
19384319,
20405088,
21030861,
19110419,
26290482,
25616524,
25035313,
21111416,
23340727,
17711711,
21034580,
19510368,
18254035,
26788663,
24119841,
20986776,
34380632,
19829334,
27325865,
29401767,
24436207,
24745833,
21012637,
29245078,
20313919,
19492270,
20761553,
21044593,
21586413,
22231382,
20228940,
19441962,
22599301,
23643682,
21487832,
18304730,
19894155,
25219434,
23242553,
18291348,
21488014,
18095958,
18145677,
17353287,
19628901,
21413102,
25582788,
20638527,
19342226,
25868242,
26592953,
31460221,
82107924,
18535860,
21456937,
18096791,
18922560,
21791378,
18276985,
19085414,
22799097,
23432360,
21454843,
18747912,
21873563,
25595947,
26379969,
21663022,
17650335,
21319888,
19284101,
16970868,
19700425,
21439174,
19988594,
18020568,
20684395,
20217132,
17628584,
18777284,
19743496,
18898756,
20480042,
19091242,
18929322,
18856669,
18610737,
18158784,
22155488,
17871557,
20127796,
17735906,
19287539,
17770523,
18842883,
20117598,
20979412,
22592815,
17906575,
19387755,
22074322,
21732608,
20784755,
20592254,
23109447,
18290619,
18504913,
19170453,
17649965,
19276059,
17340277,
19739293,
20293837,
22109936,
21560927,
17681671,
18418164,
21246888,
17780463,
20769520,
27877855,
21993738,
19009857,
19216375,
18519291,
22750246,
19158151,
19991778,
21157829,
19732914,
22383653,
19180961,
30641638,
23242479,
17703845,
20170828,
20161399,
17723746,
18821107,
17951863,
21982181,
18770380,
22230752,
20423600,
18014009,
18020774,
23481456,
20831269,
18536622,
19465009,
20649105,
19505518,
17464767,
22003789,
20549490,
20693547,
18587016,
17588537,
20866427,
19555506,
20996976,
21754066,
19640005,
17769507,
20336694,
18367754,
18796343,
21279032,
28559706,
18521104,
23885728,
18136976,
24115625,
18158212,
18942386,
21634202,
18280371,
24790380,
21186384,
19174689,
20306651,
24184279,
20909876,
19100576,
20823091,
18510244,
19140872,
20182153,
23600714,
18580215,
17867754,
20339054,
21034537,
44361297,
22241709,
20753375,
18044444,
22293812,
19021979,
19049710,
20212120,
23764558,
21162210,
20604518,
22724154,
22384298,
19686629,
23576667,
23067599,
21100272,
20379426,
18653821,
18499526,
20739215,
20673250,
19131626,
23674956,
22636334,
21172217,
24310485,
26161720,
19611767,
19615229,
19360302,
21544174,
19303819,
19896276,
18567974,
19076362,
21485007,
18929822,
20350500,
18785504,
20687923,
18106637,
18482114,
20666550,
22743120,
26319439,
22208467,
22883416,
21091901,
24321594,
20429723,
22362563,
19789522,
19181775,
18976129,
22656518,
19740179,
19086281,
19308600,
20648222,
19283639,
26090221,
20479130,
20553482,
18842840,
18732456,
18830328,
21762813,
20816749,
26512488,
23266722,
28834011,
23265366,
18632648,
24974351,
22535659,
23438019,
24712264,
25098489,
22776353,
21548465,
21398330,
19565943,
31229346,
21760907,
23993135,
22302143,
23355438,
21660221,
24383796,
18118035,
20901324,
37340397,
31955417,
24476277,
25154111,
19069692,
19502732,
17754594,
22861938,
20014444,
18178491,
20498231,
20160833,
23824081,
18456938,
17968560,
19956685,
22193461,
22147636,
18541942,
19141656,
18142633,
19724646,
22678438,
22853424,
24714016,
18613019,
30276896,
24147891,
20997547,
18869521,
18324265,
19783614,
20070485,
22918432,
23184999,
19653401,
23444215,
24203166,
24448158,
22427385,
18197257,
17625150,
17672676,
18114271,
21155744,
22879986,
22764441,
30639203,
22003047,
22666358,
23090734,
19563989,
17809470,
19976400,
23137485,
24134444,
