54051112,
4359553,
6036001,
8960768,
8427206,
4884696,
3863358,
4528676,
3956416,
3424714,
3689881,
4021677,
5836268,
4672578,
12224094,
5868244,
7397441,
4448460,
3837559,
4296833,
3800450,
4135569,
4098913,
3340206,
3651474,
3524574,
3509624,
4281531,
3755039,
4876182,
5119766,
5205151,
4142680,
7082533,
4109796,
3848075,
4934730,
3510395,
4169227,
4239293,
4396170,
3387301,
3772540,
2903872,
3412696,
3514373,
3028280,
3638345,
4577193,
10541121,
4443121,
4503582,
4672455,
12324074,
5621043,
5187636,
3292116,
3808814,
11303835,
12834297,
9813212,
13912752,
16510710,
8843527,
6869471,
6217167,
7901241,
3149192,
3700127,
4605444,
7149379,
9927811,
5237554,
2500025,
4203651,
3227360,
2982157,
3698694,
2941706,
3258072,
2817393,
2769505,
3422767,
2842377,
3420208,
3363693,
4178275,
3552358,
4374898,
3848394,
4303440,
8272064,
4139055,
3662864,
5040460,
3092915,
4164035,
3263349,
11868965,
9735036,
12946716,
14104652,
5500640,
5641228,
10501541,
13668628,
12898522,
11732535,
11517359,
9653802,
13136791,
10619277,
3757761,
2473496,
2747540,
4284361,
9649693,
14031337,
9394811,
13459617,
5177242,
2377447,
3517777,
3839137,
3178720,
4111779,
3446423,
3655278,
3847900,
2459458,
3023822,
3003456,
3616861,
3681705,
3586478,
3249655,
11671802,
6954082,
3760104,
3378651,
4165574,
2873398,
2422829,
2950237,
2353692,
2317962,
3142432,
4599763,
3099553,
5006864,
3815283,
3785056,
4176834,
4542401,
11609239,
2497707,
3031306,
2612264,
13457718,
4891354,
3755348,
2417051,
2335731,
12726398,
4193953,
9783658,
11910910,
13109091,
13840493,
5139921,
3769934,
2480227,
3056368,
3795924,
4233592,
2287311,
2603555,
2823631,
2334191,
2346372,
3870648,
3540344,
3149524,
3457327,
2173996,
3546499,
3052996,
3076222,
3126290,
6184691,
7213798,
3607216,
2504635,
2053764,
2599547,
2460724,
2876497,
2424052,
2960247,
2850315,
2785458,
5541070,
2503404,
9420824,
8003692,
8626330,
4614428,
3914670,
3957611,
3918670,
3652388,
2371898,
2287994,
2088080,
2512948,
8922328,
8065023,
8063766,
4974992,
2424402,
9075328,
8944312,
8902596,
2318280,
2285346,
2361644,
5028274,
8573798,
3785210,
3437166,
6027942,
6481976,
6601345,
4847107,
6764545,
6191529,
3595718,
2394566,
10787656,
2884406,
3006414,
5600329,
4369399,
12899457,
6657373,
2403352,
3983127,
3152103,
3710167,
3992286,
2933743,
2993925,
7911522,
4746837,
4211805,
3578193,
2148458,
3496946,
2277890,
5829646,
5466838,
8934637,
8116150,
8494386,
9855466,
3200630,
2368837,
2390616,
2389067,
2470215,
3605648,
2179234,
2135907,
2766659,
3442580,
6419412,
6196286,
6407676,
5418220,
6120342,
4648406,
2197074,
2236964,
3023825,
4654234,
2191350,
2457781,
2019684,
2458533,
4929676,
5680485,
4409645,
5607245,
5879856,
5795243,
2902940,
11610373,
6294789,
3131411,
4008579,
2695013,
3285817,
3710342,
4050536,
3630657,
3747045,
3541465,
8701779,
2751364,
2788795,
10430753,
5113518,
8073997,
2359583,
2286949,
3078722,
3034659,
2588070,
2801344,
3380217,
6621534,
4293010,
2083368,
10014361,
7941133,
5671977,
3308354,
3373783,
2242770,
2347361,
8741542,
8163010,
2103528,
3057867,
3265076,
4649704,
4308595,
8760881,
7696796,
7507157,
8019625,
3014284,
2243477,
8463022,
8253115,
7478466,
4049766,
4225453,
4462860,
6490104,
6287528,
6747271,
6566898,
9260709,
4574560,
8988766,
8799961,
3570717,
3115617,
3280029,
8981937,
8155185,
8114877,
9801432,
5111231,
9532668,
9861111,
9470361,
5103444,
8015079,
7720972,
8886775,
3808914,
3078964,
3009046,
3505750,
5467970,
11640168,
10990577,
16028168,
5322797,
3807210,
3324174,
4643593,
3369275,
3105727,
2059791,
9560881,
10317826,
3174883,
4308667,
3017707,
3020931,
2177176,
2201184,
11144100,
5584577,
3809228,
5558378,
3590705,
5706960,
4033786,
2850137,
11170168,
8824331,
2639220,
2578903,
2278141,
2438689,
3653300,
3488722,
3431574,
4092178,
4475507,
4133050,
6665056,
4147408,
3992151,
5099324,
2699497,
8593099,
10360072,
3636519,
3702403,
3097130,
2900760,
2821443,
2544609,
3735273,
5684364,
5108405,
7768970,
5437926,
5478760,
2962457,
9881934,
2613485,
3322816,
10075531,
3658700,
4000893,
2590358,
2054056,
2141019,
3260593,
2733374,
4633186,
3940661,
8190326,
2995603,
9061323,
2153174,
2591709,
2547224,
4508379,
3023086,
2094315,
2448480,
6983525,
7774185,
3891325,
8039393,
7356441,
7530764,
12217509,
5478471,
9016936,
9125855,
3073690,
2919592,
7839773,
8606709,
5304133,
7669254,
8103783,
12593920,
5274096,
8174110,
5053471,
2601441,
7556750,
5480772,
3029446,
2653818,
2756797,
2642327,
2959191,
8396177,
4348987,
3238652,
4633060,
3503353,
4219120,
4415502,
2676885,
7652737,
7604949,
3894672,
4714778,
2423964,
2226969,
2175418,
8208987,
4486986,
3257639,
3421664,
3572186,
2707963,
7706283,
4562035,
2477995,
10036251,
3713294,
2416159,
6194709,
3398243,
2327626,
2453301,
3211555,
3847317,
4583084,
7882132,
3800580,
2146874,
2797043,
2227161,
8325932,
8166827,
4258289,
3899874,
4559476,
2656592,
2391733,
2084080,
2064474,
2288156,
2804174,
2357888,
2409862,
4483733,
8099904,
9463047,
3180066,
3170628,
3266633,
8047451,
2949635,
2047186,
2875899,
2027594,
2207276,
2013709,
1795021,
8890373,
7339160,
8092204,
4003302,
8122939,
5376549,
2190464,
9035624,
7997136,
7830458,
5956449,
2222273,
2389357,
2090600,
3656422,
2965779,
3926936,
4485854,
10308354,
3840131,
4356435,
4274151,
4199695,
4317117,
3783513,
6070717,
5658322,
5223358,
4177716,
2426770,
7381074,
3780626,
3031117,
10573190,
5608807,
3150483,
3697652,
3242087,
6977734,
8105473,
7925808,
5669519,
3226210,
2515831,
2285397,
2371417,
2959899,
