454784195,
67447404,
42531422,
40621499,
42446914,
40778619,
42418953,
41285789,
36461747,
38689911,
38163020,
34207348,
38657486,
37339613,
38425007,
37068878,
38261545,
40322306,
38736993,
42323581,
35829572,
35227113,
36654064,
36082746,
37303993,
36195829,
32457655,
49610524,
93330732,
35900717,
37671485,
39851686,
39243014,
39056957,
41871178,
34776928,
37266055,
34755559,
33594851,
43058047,
37162438,
38396415,
35931625,
35573445,
42738724,
41298903,
38251457,
33879861,
34271327,
60129853,
45528562,
156932529,
43566288,
35075527,
47720505,
39429351,
40193787,
40065314,
39442215,
47524718,
73574670,
50567842,
48160855,
63873410,
43510983,
40387173,
41139671,
38399171,
36487127,
35172857,
36006459,
41702445,
55732243,
35718939,
33742376,
36500449,
37384394,
36427113,
38459494,
35599172,
39403545,
37685536,
36462955,
33900411,
35113579,
34504328,
33190861,
55887402,
33617080,
40258505,
35483046,
37860341,
41100169,
34408520,
39104384,
38627446,
32925495,
34872027,
36760295,
50313637,
48713667,
53376239,
54193073,
40363708,
40171330,
43658583,
46706606,
48131438,
45761371,
46267473,
43557312,
46461733,
48558784,
35339958,
36469496,
33584545,
35344702,
45073994,
96770881,
60994904,
42961030,
39160674,
36909917,
37923006,
33329754,
35411106,
37090953,
36402512,
33577981,
38513292,
47473187,
33440884,
33550111,
34602461,
33326365,
34246005,
36668836,
50052893,
37782557,
35592086,
57419265,
34993344,
34426192,
32823814,
30985619,
33086775,
35188947,
33764068,
39469265,
33336478,
35268085,
37930091,
34898145,
35567732,
36957106,
40176204,
35269323,
36257585,
36361740,
43968319,
33596237,
32053554,
32889266,
34225228,
92059645,
36106838,
47604690,
63628356,
44836478,
42055650,
36039884,
35370630,
32109963,
33692344,
32345495,
103866917,
31651504,
31595490,
34067483,
33648658,
32002493,
42373186,
32905446,
34852890,
32251602,
32036564,
33612995,
39003268,
32922914,
39320681,
36155911,
47871196,
36255792,
35189376,
34350442,
31987620,
35128270,
31802502,
32198644,
31403511,
43274146,
35555184,
33597245,
34236514,
36419643,
33437017,
32683977,
55965631,
41691603,
40890194,
36218696,
35445913,
39559763,
33085035,
32272597,
32557517,
85319851,
43509125,
74066875,
35140300,
33396616,
41428278,
40577780,
44194845,
34141368,
36242793,
36726239,
35559662,
36615063,
32885225,
33348302,
36884820,
40312714,
36704870,
37233183,
35702704,
36779045,
35599675,
36614301,
43564509,
33133349,
34016470,
38540136,
37719977,
41164248,
37637863,
32706030,
32990846,
37603238,
35499073,
34067068,
35354918,
59818820,
41752067,
36181465,
34120637,
34639404,
32895348,
33814177,
32532038,
36552804,
36500616,
42336105,
39250865,
41710835,
65310267,
35421147,
33420990,
32281832,
35885254,
32578175,
33770264,
31781540,
37547882,
69510762,
45125469,
36669236,
35583781,
36121687,
35875199,
35641426,
33678905,
31960487,
31942019,
33223454,
33262643,
44107053,
31239993,
35509011,
38195767,
34883346,
38793263,
59885713,
36841108,
36543072,
34271027,
46941872,
43932864,
35675974,
33218990,
41651419,
32085363,
33885162,
34977129,
33975772,
31855140,
47015889,
37857790,
38160023,
32404142,
32681565,
38607296,
35755111,
55736991,
33522946,
31406001,
33605936,
33183516,
33675245,
35789160,
35688566,
36533784,
39944017,
34100482,
38903102,
38187644,
35983240,
33370972,
36037815,
32276442,
46503764,
45819278,
52543848,
35991225,
62980484,
32872380,
34931786,
38032817,
41627683,
59159402,
39885349,
37566992,
76897787,
36762044,
39931211,
39415652,
37255288,
35495878,
36051595,
34778745,
40138406,
35970695,
39519393,
42395837,
37936116,
36309382,
38453797,
38196650,
33313945,
31563082,
38084021,
42378965,
40060381,
38863102,
40660823,
46670783,
41692232,
42291149,
38204246,
42212616,
60633599,
39564870,
39218321,
39727550,
34612889,
33610165,
35571663,
41476285,
42763599,
42159452,
38850348,
41620063,
60322801,
35342010,
36801009,
34612789,
33776896,
142413061,
38023501,
40175670,
33589710,
32617701,
35603814,
33179987,
32719576,
36542566,
41847107,
36577848,
38700817,
35820654,
36091561,
37523431,
57520306,
32544150,
49772681,
50376372,
33448547,
31971668,
32494769,
32469987,
33194542,
34652410,
33378608,
34095223,
35584632,
35994872,
34924739,
36211964,
35675324,
35602112,
51285768,
41901774,
51771547,
35832211,
35623014,
38939528,
33743188,
40136894,
34170493,
37950181,
37962665,
38173670,
35069677,
36858544,
38322978,
34603242,
37692099,
33140922,
33277852,
37754496,
43102309,
35317546,
34402645,
33674348,
32072913,
33368751,
32329299,
36703783,
35417607,
37055369,
33224506,
63782824,
35357977,
37180895,
35051881,
37974018,
86850727,
31322186,
36226778,
40165942,
38895103,
36478159,
38230360,
40324149,
38816519,
48491874,
36620022,
38382825,
38923776,
39015082,
37457426,
38311585,
38941356,
37665901,
41957391,
39102130,
37342147,
36889973,
38172535,
35697815,
35383768,
37546872,
35148640,
34224343,
33667983,
33507286,
31144126,
51988911,
40185304,
35643194,
38188161,
34178434,
68502896,
36657968,
37160209,
33438556,
44712456,
55699768,
36333123,
34178637,
33367547,
34098567,
32202923,
37567481,
74155941,
33770388,
35435024,
32017334,
89383144,
41355219,
31256829,
32870624,
40367980,
34120393,
43564363,
35405511,
33787190,
57224153,
31572389,
38862251,
36796515,
37327795,
37083245,
32504375,
32305420,
34037308,
35332509,
38769335,
40176129,
36792045,
45610425,
35849753,
36968871,
31487136,
34499255,
32684208,
35696272,
34587792,
36053336,
32616168,
33244075,
38069577,
40265409,
34703990,
42572189,
32552984,
39739461,
35334097,
38410350,
31995546,
31153855,
70342889,
31336916,
46973870,
67234306,
38003381,
41261352,
34052013,
39319844,
36866350,
39193711,
59446498,
43724565,
40459026,
48513740,
33145680,
32940266,
32432762,
34903315,
33813438,
33028375,
41845726,
38345928,
34555354,
33745985,
35796000,
33604091,
33716187,
36380541,
33858451,
34818657,
34583597,
85157983,
33918278,
35846905,
33628253,
32724604,
41028529,
34451805,
39459403,
37373545,
53764842,
38279755,
39197917,
37925087,
36913470,
33300374,
34839577,
32587415,
32797718,
