54270689,
4525480,
3164101,
4545557,
4471539,
3852860,
3975343,
3649082,
3895321,
5303162,
5567704,
4442925,
5431848,
5296693,
4197523,
12204853,
15187856,
12518260,
7332306,
7237293,
6653146,
7555343,
6360855,
6687378,
7483849,
8145325,
7367208,
6399926,
5915573,
6464559,
8154871,
8985961,
6976989,
8532807,
6161500,
5827042,
8007375,
6065511,
5821376,
9199201,
14775489,
5753348,
3129339,
3291996,
3494423,
5505977,
4240298,
5044292,
5835759,
4624978,
5324614,
6559543,
4085931,
4186691,
6371458,
4695349,
2713740,
7591014,
10662681,
7738537,
3911209,
4686179,
4373473,
3780247,
3745411,
3873573,
3292024,
2605698,
1798693,
1843382,
1885552,
6671511,
13500636,
1958655,
1917275,
1742374,
1924431,
2420110,
3915295,
5968923,
2330378,
2379708,
1838956,
2144204,
9873252,
10522709,
6908784,
6738818,
7117857,
2780796,
1953563,
2049027,
1850893,
1939892,
1936719,
1900458,
1852911,
1730948,
1789912,
2008597,
1679529,
2715753,
1947990,
1881938,
1959742,
1767511,
2055194,
7187335,
3111887,
2212285,
2474025,
8642355,
2417078,
9303151,
2913654,
2766750,
2499814,
2995897,
7839717,
3315786,
2493990,
2950350,
2683605,
2563317,
3450749,
2534098,
3413491,
2134480,
1649176,
1657934,
3322000,
3124932,
2189944,
4540786,
5143445,
2151986,
2908867,
2949891,
7687969,
3307153,
2126794,
2111513,
1751667,
1883825,
2045414,
2301361,
1916290,
1859274,
2028274,
1884306,
2209024,
1928028,
1902399,
2134265,
2208366,
2112317,
1879133,
1959089,
2894251,
3488968,
2578243,
2587098,
1976589,
1931853,
1708441,
1852006,
2659454,
2914368,
2564736,
1698429,
2356161,
1721281,
1900932,
2104785,
5730915,
2463356,
2321741,
1640510,
1598321,
1987419,
1697894,
1595000,
1628022,
2020538,
1941389,
2111287,
1644412,
2175168,
7175181,
6574224,
2774786,
3177597,
7741176,
6361628,
5869075,
4179403,
5201711,
3454943,
3559639,
5529267,
4441547,
3891007,
4802605,
4965647,
5406584,
3128280,
2156791,
1762266,
3330463,
2159984,
2192290,
1486744,
2302993,
7029799,
5720786,
5702947,
3106589,
1815165,
2118659,
2746929,
4253663,
3513376,
4552571,
3932725,
3649179,
4901496,
2729843,
2526307,
6561855,
2603390,
3122187,
3514429,
3761910,
2169912,
1773078,
2140566,
1528678,
1948960,
2203877,
2141638,
8048570,
1840006,
5731737,
8342658,
8943911,
7738059,
5770797,
6379945,
6176688,
8579783,
7992301,
6678659,
6186305,
2394711,
4778833,
8171235,
6562956,
4991193,
5093982,
3641994,
4626207,
4936489,
3232979,
5643025,
6630704,
6400305,
4761131,
4572402,
4642589,
5688002,
6077785,
4378086,
5936260,
4244939,
4128598,
5191990,
2302962,
2547470,
2030330,
1821326,
1602939,
1873213,
2313598,
1869041,
2399574,
2027206,
1594913,
2650348,
2281358,
2485058,
2673240,
2396682,
2499712,
2588419,
2442536,
2683289,
2655539,
2643600,
2536468,
2490806,
1679979,
1771423,
1605641,
6502890,
7892848,
4228335,
1799474,
1777192,
2321295,
2890944,
2531186,
1949201,
1889111,
3091425,
4949027,
6037996,
5091858,
4548540,
4087262,
5310067,
2092421,
2661010,
7671740,
1605298,
1364383,
1470987,
1426574,
1294749,
1436043,
2234734,
3122689,
6201214,
2515053,
1576388,
1444970,
1350879,
1554490,
1888280,
1987291,
6370756,
2448925,
1422644,
1670974,
2272400,
7482792,
5605447,
2615324,
2538163,
4786108,
2410605,
3110717,
2797398,
4857223,
4319454,
3113178,
5840326,
2925740,
3319104,
7038815,
3680412,
1725337,
1430440,
1618136,
1692229,
1478937,
1961708,
1895377,
3139162,
3511015,
1424163,
1476464,
1738820,
2334937,
1410291,
1545692,
1685454,
1397922,
5265715,
2989856,
2040245,
2492154,
2441543,
2147532,
1500292,
1541268,
1481689,
1448428,
1513350,
5387374,
2190387,
3601664,
4890675,
2588061,
2735272,
2766059,
4008230,
2352476,
2425416,
3665620,
3065498,
7639051,
7570560,
1425899,
1602109,
5094375,
2180640,
2052134,
4289248,
5060543,
3532463,
3776805,
4431209,
3297441,
2209502,
1765390,
1792274,
2785587,
2829897,
3236149,
2871940,
2866061,
3794677,
3014183,
2871545,
2694726,
2904759,
1396391,
6987295,
6856170,
2369829,
1456113,
2123092,
2219574,
1528345,
1611860,
1408175,
2099619,
1543879,
1517920,
1899742,
1503554,
1521163,
2474822,
2078881,
1903454,
1581281,
1666277,
1793334,
1772209,
1732045,
1622719,
1667541,
2084945,
2439390,
1334043,
1360455,
1429822,
1417004,
2013459,
1922328,
2567075,
1609064,
1572541,
1864499,
1425833,
4981560,
2645290,
1622560,
1876840,
4277970,
3606054,
1806968,
7141613,
2378377,
5216806,
4957731,
4863837,
4652923,
4678959,
2169624,
6412143,
2514840,
2659644,
5453150,
4788105,
5121416,
5193049,
3235355,
2649963,
3214798,
4700040,
5535528,
5748431,
2243955,
2150616,
2083396,
3097114,
2306041,
3236715,
2477821,
2323550,
1766094,
2353762,
1911238,
1650096,
1602007,
1911723,
1855105,
1867851,
2495113,
2329146,
1776586,
1977815,
1656759,
4826584,
2461526,
2059264,
2279974,
2278344,
1350710,
1388559,
5888482,
2272788,
1501673,
1699448,
2810728,
2834788,
4817436,
3086742,
1465702,
1711129,
2835673,
4452021,
5989123,
2691258,
1817021,
1878932,
2330240,
1915579,
7340356,
1992950,
7216477,
2433639,
1851338,
1538890,
1554599,
2963006,
7483009,
3470456,
5096160,
1655744,
1454448,
1878984,
1392906,
1793234,
1457278,
1410974,
1603496,
2112056,
2097383,
1947369,
2416748,
3733530,
2046103,
2089810,
2301546,
1932975,
2439079,
1530886,
2073693,
5697126,
1345162,
2226860,
1614562,
3064869,
1498545,
1369132,
4373246,
4718890,
4229733,
5034802,
6670292,
6630261,
6422507,
3456794,
1923063,
2077416,
4643235,
4537650,
3860598,
3631215,
2442235,
1410842,
1420615,
7630754,
4992369,
3023733,
1652048,
1749746,
1611909,
