370442236,
45393790,
41372726,
40425517,
42986878,
36754751,
42713108,
35856679,
34982381,
46306201,
35376945,
35383754,
37544292,
35089290,
38982458,
36059870,
38825294,
46339757,
53041091,
55037321,
53163083,
48615301,
41925145,
57119760,
40167598,
39562167,
43180245,
41461536,
45363858,
39453515,
42260164,
39355794,
41440334,
39263074,
44581640,
40312044,
39554811,
41229098,
48529698,
40383241,
39016442,
44424426,
38534512,
36963792,
46054774,
36187784,
50929701,
39006323,
38451024,
40979181,
39581885,
40366067,
49354877,
37068843,
43060267,
37775290,
37035826,
41165970,
37022653,
44108160,
49327312,
47047157,
39822191,
38327394,
35344033,
34614053,
38478536,
34871313,
32994862,
33252331,
32826525,
34037164,
44228343,
46567308,
33994658,
33992590,
33405159,
34603976,
36918768,
37445297,
37179597,
34064635,
38181874,
32937340,
36995844,
49882896,
49365046,
47202545,
43131103,
43487142,
38379034,
39996766,
33282188,
38340946,
33189969,
38380141,
38412821,
33329568,
36427838,
37107854,
34732652,
31792510,
34904941,
35120019,
35729492,
34076471,
31175012,
31574308,
37081391,
39062126,
32846500,
33825989,
39206854,
34993426,
43678162,
34626350,
34653363,
33623332,
38810426,
43724434,
34576354,
40436700,
41418816,
34421642,
38764118,
33737920,
34644544,
35324423,
31812694,
30728443,
31962314,
34758697,
36456045,
36796097,
36742775,
37179859,
31612789,
33022326,
36743168,
43254207,
34114413,
35037681,
39026627,
31834674,
31742652,
32389050,
268828285,
34707519,
32167393,
34862472,
37701541,
34741395,
31526123,
36303019,
33259554,
32248222,
34996793,
36815222,
35630793,
34721002,
32949280,
32439339,
34052652,
35180248,
32639304,
31940804,
31995861,
31733564,
33089213,
32577674,
33827917,
32297793,
33040618,
34755277,
32952920,
41407773,
35103463,
36721726,
35226397,
32395112,
34317181,
32608126,
33883407,
33497763,
32857417,
40271364,
38262946,
32541303,
35595361,
39734305,
38147743,
33557337,
40405717,
42187086,
39033634,
42047209,
43307043,
39868269,
40461296,
36035091,
35913219,
35109518,
39189171,
35433236,
39553303,
36050721,
38244783,
40313063,
35419045,
36667390,
35844241,
34641795,
31941697,
35726171,
40875066,
43011936,
41885947,
36977591,
37919568,
32603287,
35870540,
36622529,
41032521,
43862919,
36026456,
38348327,
36982659,
36912270,
47789910,
41215562,
38516884,
35144129,
37111236,
34452449,
32802387,
31592847,
31852142,
30728532,
36552623,
31322223,
44285057,
39488536,
35098507,
40572176,
41309784,
60592936,
41508972,
54516060,
41568128,
40488041,
43908107,
44586241,
42339177,
42424173,
76845049,
41515515,
43668168,
38614443,
36065266,
36779164,
34070832,
35949236,
34236928,
44984399,
50349566,
39521985,
36442987,
37474324,
35920401,
47374486,
38346977,
38656138,
36567143,
38052151,
40888709,
37224696,
39776223,
33956180,
33378352,
31962354,
33062045,
32071433,
35035439,
32471365,
31678142,
33177132,
34970514,
35114523,
32109493,
34333236,
30965287,
87322761,
35183239,
32043771,
33226917,
35441976,
31912999,
37812869,
36555188,
32313897,
31153056,
32099693,
35206557,
33174479,
37000441,
55149908,
36545171,
31307457,
33349427,
31578378,
34824067,
36087199,
33785994,
32293956,
32731106,
41394706,
41362308,
37850519,
37737408,
136023587,
37611390,
39871518,
41214269,
39247414,
32083005,
36394837,
33328260,
31906574,
31588706,
37572371,
31209077,
42451231,
56598489,
34602499,
35236873,
32128971,
30277872,
30519372,
36916918,
36434040,
42656314,
36606307,
30228695,
33986166,
39045523,
43300536,
37211286,
35791449,
32697095,
37638004,
35292128,
35721217,
33229786,
38465560,
52929129,
36918773,
38703510,
35929344,
42440620,
56884469,
36750132,
37460817,
32404170,
33262208,
31685401,
31773978,
32776911,
34501312,
38139462,
39589845,
31870863,
39235637,
32817101,
40268950,
37682042,
33025149,
30245215,
37882107,
39454676,
37685141,
43561610,
39610283,
32145216,
31166813,
31936118,
31786504,
32258675,
36569999,
40811112,
43757326,
32425595,
39574027,
40212246,
33989118,
41676556,
35188777,
35638585,
32837049,
35925438,
37296250,
34694992,
39376730,
42223866,
42280140,
36111422,
47255241,
30087442,
37792556,
45264960,
36699451,
34360506,
43898579,
39414176,
34183140,
33173416,
34497133,
37863097,
33066317,
34096681,
37088302,
33251011,
36159726,
36319143,
35543048,
34811588,
33890860,
36344102,
36926835,
39104711,
39672742,
35054374,
31767344,
31499906,
37837999,
34467247,
29803481,
31444612,
33475898,
30549759,
30730556,
30731068,
34372826,
32465056,
30975629,
30809429,
32061321,
31294647,
32628398,
33023665,
32941229,
30964084,
30792659,
34769610,
30728429,
30834690,
30914492,
31660842,
30941051,
36338743,
31928464,
31388339,
33808174,
34789671,
30127590,
32357560,
42126663,
43765993,
31721879,
32137516,
34401299,
38364781,
39403640,
43726476,
38216256,
35653510,
39246285,
36592486,
36412219,
39630058,
39471265,
34616539,
39799128,
32625361,
33634023,
41131348,
39760179,
40589643,
40358784,
33995307,
32643951,
33141421,
33691784,
45232839,
34768181,
31269778,
35979790,
46618971,
39337157,
36380470,
34158658,
35866788,
34293556,
32131668,
35504068,
32380385,
32149061,
39969259,
34495813,
37063546,
32801527,
32075468,
31713995,
32068836,
31078596,
31747163,
38702387,
34176321,
34795502,
34759857,
36353623,
29724370,
39109493,
38809431,
30945287,
40302039,
35481777,
38354239,
35303806,
38906514,
35750822,
33012307,
31211374,
35017514,
37908984,
38230432,
38563159,
33426706,
33412772,
36606172,
36967605,
37990578,
37424087,
37155302,
40807989,
35082449,
30691696,
33690007,
36399088,
39209604,
33823977,
38488864,
30669143,
32459904,
30837799,
31712640,
33670080,
30426883,
33204580,
33246918,
30558000,
33418679,
38872709,
34704740,
35908212,
35488476,
31991530,
36383669,
35792812,
37347407,
37410762,
38737446,
33855644,
32489174,
34237821,
32201909,
31783084,
32421051,
32761549,
45933945,
37000667,
42290552,
37275691,
37287586,
40629031,
38420351,
36953439,
31726256,
31699198,
38443785,
34090791,
34808353,
37964998,
35220429,
29534411,
31859359,
32916500,
40575759,
37195890,
33146572,
35122650,
